97.7728
95.1136
92.5248
90.9344
89.216
88.728
88.52
87.5424
88.6576
86.0192
85.4784
82.5328
81.8416
80.0064
78.3328
80.776
82.4816
82.36
81.2528
80.8048
78.5984
78.4352
77.3616
77.7456
77.4192
76.7456
77.5792
78.1136
78.32
76.2896
76.3664
74.744
72.2528
73.6368
71.2208
71.3184
71.6912
71.832
71.1776
72.1056
72.3392
70.6896
69.9632
70.2608
67.8656
69.584
67.1504
66.4176
63.816
64.696
65.1616
64.6
64.7184
63.424
62.0688
61.6768
60.5392
62.5952
63.1584
65.1424
64.48
64.688
63.9488
63.1568
61.0784
58.6
58.2176
57.0384
57.0672
57.224
54.8672
55.7776
55.4608
55.816
56.4368
56.0544
55.576
51.9104
53.4496
55.2096
54.8752
57.0064
56.1808
57.2368
56.5008
55.7472
56.3088
56.7824
57.0416
54.4672
56.4016
56.6544
55.6688
56.2032
53.6688
53.2032
51.8384
50.0848
49.6944
51.4672
51.6272
52.744
54.8144
55.0976
52.8032
52.8944
50.9776
49.7888
49.9888
49.6592
49.6912
48.0848
46.9776
46.4608
46.6544
46.3648
46.5552
46.5008
47.6528
47.6304
45.8688
47.6096
47.4848
46.12
44.4576
43.2352
42.7344
41.4384
39.1392
38.8896
41.1728
40.5392
41.2272
42.2192
42.7632
42.2224
42.2592
42.3952
42.0704
41.0144
40.4672
40.6512
40.5984
38.5568
36.984
37.0656
37.704
35.6384
35.9888
36.0384
37.792
38.2192
38.1552
37.9424
38.6368
38.3408
38.5424
39.4624
38.312
37.5552
36.1728
37.0864
37.6336
37.1104
36.8112
36.6752
37.6464
34.656
35.1712
34.8144
33.0144
31.5664
32.352
32.744
33.1072
33.4032
34.8432
35.1264
34.7488
35.3856
34.896
34.0736
33.0512
31.2624
31.1696
29.7696
30.9904
31.2928
29.656
30.2832
29.3472
29.416
30.4144
29.2464
29.2208
29.6304
32.3168
31.3504
31.528
31.6112
31.2272
31.288
30.8016
30.016
29.7536
26.8048
27.1696
26.0736
26.8384
28.0912
27.4272
26.9872
27.408
27.4096
26.3472
26.3888
25.9632
25.7296
26.2128
26.3984
25.7504
26.4096
25.9264
25.9296
25.7648
26.3424
26.464
25.48
26.1088
25.1888
25.5584
25.0192
25.0992
25.12
24.7008
25.1856
24.7936
25.1712
22.8576
22.0032
22.3088
22.0512
22.8352
22.9056
22.7984
23.528
23.0624
22.0864
22.0272
22.0976
20.9744
21.816
21.84
21.1472
21.8448
23.2688
23.2192
22.176
21.9104
22.4704
21.9744
22.5792
23.8384
23.3008
22.6432
21.9744
21.752
21.568
22.1024
23.0944
23.032
22.5168
22.928
22.792
22.7616
22.656
21.528
20.8432
21.2736
22.1248
22.5312
22.7264
21.7312
21.6896
21.8112
22.0
22.4976
22.1856
21.3104
21.0944
21.6352
22.7568
22.9376
23.2816
22.6592
21.8176
21.6752
20.7792
20.2048
19.9968
18.28
17.448
18.2352
18.7184
19.1296
18.5392
19.0384
18.128
17.5664
16.9872
16.5632
16.8416
17.296
17.1248
17.2752
17.36
16.4192
16.1152
15.4784
16.488
16.9936
17.3904
17.9152
18.7968
18.816
17.936
18.0432
18.0592
18.264
19.3312
20.1968
20.136
19.8688
19.6064
18.3248
18.8496
18.7584
19.5792
19.7472
20.0032
20.2512
19.408
18.5504
18.7408
18.6672
18.3648
18.5008
19.1792
18.6992
19.0016
19.6416
19.6288
19.4688
20.1696
19.864
20.2336
20.1552
19.3536
19.5648
19.1584
19.3344
19.4144
19.368
19.9376
18.2656
18.1504
17.9808
18.5856
18.7328
18.7712
18.4736
18.3536
18.7856
19.04
19.7184
20.272
20.3104
19.8432
19.7888
19.48
19.7968
19.8544
20.1008
20.1344
19.1648
19.2736
19.488
19.6384
20.2848
20.1184
20.8496
20.568
20.5184
20.1232
20.2128
19.5184
19.8528
20.2736
20.7344
20.728
21.3776
21.1936
20.1456
20.4416
20.1472
20.2416
20.4192
20.3232
20.528
20.6928
21.2912
22.024
22.7376
23.1232
23.3712
23.0912
23.0048
22.0528
22.2368
22.3952
22.2928
22.6992
23.0352
23.3264
23.5776
23.8
24.6928
24.3776
24.8128
24.856
25.32
25.176
25.5568
25.9632
26.3872
26.5152
26.4976
25.72
25.928
26.2032
26.2464
27.08
27.8752
27.7024
27.8336
28.0608
29.1216
29.2112
29.4384
29.9872
30.3312
30.712
30.8736
30.1712
30.6448
30.8736
30.6048
31.168
31.8416
31.7264
32.0352
32.56
32.1744
32.584
33.3024
33.2048
33.6624
33.6384
33.9728
34.184
34.5632
35.1312
35.08
35.8608
36.1184
35.7856
35.9088
34.632
34.4512
34.0768
33.7088
34.9552
35.6192
35.7584
35.6544
35.464
34.8144
34.2368
33.6528
33.7888
33.6656
34.0656
34.2384
34.6688
34.616
34.6144
33.3248
33.4512
34.0256
34.952
33.3936
33.5856
33.3616
32.7168
33.2048
33.44
32.0176
32.0208
31.7136
31.3024
30.7872
30.5648
30.568
30.5584
30.6928
30.7712
30.8672
31.44
31.5776
31.2624
31.8016
32.008
31.272
31.72
32.1616
32.6304
32.9872
33.4912
33.304
32.8448
33.5472
34.3136
34.624
34.5776
34.9056
34.6848
34.72
34.2944
34.1936
34.3056
34.6976
35.0176
35.416
36.7792
37.1232
38.0288
36.9824
37.1344
36.9648
37.752
37.9872
38.1552
38.8176
38.104
38.5376
39.1696
39.1104
39.6928
38.3872
38.3776
36.9424
37.4
36.2544
35.7936
37.0384
38.1632
38.0912
38.6832
39.3344
37.8896
38.1008
37.1616
37.1264
35.9664
36.2016
37.1392
37.0464
38.0352
38.1952
38.4912
38.4608
37.7936
38.552
39.7456
40.6912
40.5584
40.2336
39.1696
39.3984
38.4448
38.5152
38.1824
37.1216
38.7616
38.9152
39.2112
37.1104
37.3312
37.536
37.576
37.5216
38.2592
39.0704
37.7904
37.448
36.3888
36.9408
36.8208
36.9216
38.2304
37.12
38.1376
37.7728
37.6016
36.6992
36.3088
35.416
35.0416
35.1216
34.5248
35.1808
34.9008
33.7376
33.96
35.0784
34.8416
35.3184
35.8048
34.672
34.656
34.8048
35.3568
35.4016
35.0224
36.2528
35.1536
36.9936
38.3888
38.8048
38.3328
38.5904
38.7664
37.9952
40.056
40.9472
40.56
40.2544
39.984
40.336
39.8784
39.7264
40.36
39.2208
39.56
38.2928
37.8384
38.1072
36.416
35.88
37.6608
37.864
38.4752
39.7504
39.4496
38.2288
36.6176
35.4144
35.9504
36.952
36.9168
37.6704
38.248
37.7968
37.4432
37.3168
37.5472
36.6896
36.5824
34.9472
34.4848
32.9904
33.8192
33.512
33.1216
34.7616
32.6032
33.2
32.5488
31.9488
33.5328
34.0832
33.9248
33.9264
34.184
35.2608
35.5264
34.4096
33.8544
33.8384
32.9472
31.656
31.6304
30.9472
31.2336
30.7552
29.6768
29.9344
30.1648
30.7056
30.4144
29.6448
29.6448
29.288
28.9216
28.0192
27.1456
27.288
27.7984
27.9104
28.3744
28.6624
28.1072
28.1536
26.4192
26.472
25.552
24.6144
24.6352
24.568
24.6144
24.3024
24.6448
24.2656
24.1648
24.0832
23.7504
23.1888
23.1952
24.1584
24.8016
24.664
24.5344
24.7744
23.4784
23.1648
23.408
22.4752
24.0192
23.232
23.848
24.712
26.1168
26.44
26.2096
27.0016
25.9328
24.136
23.672
23.9232
23.232
22.5264
21.128
21.4704
21.6816
22.2384
23.7408
24.168
23.8384
24.6384
23.4912
23.9072
23.2688
22.2928
21.3984
20.7344
20.5152
21.4256
22.0096
22.6336
22.1968
22.352
23.1712
22.5744
22.3216
21.768
20.6816
21.6384
20.608
21.2208
19.992
20.1728
20.0688
18.7776
17.4304
17.4352
17.92
16.0816
16.8672
15.96
14.8176
15.9616
15.7616
15.848
14.6144
15.1856
14.6864
15.016
14.9264
15.0448
14.976
14.4416
15.2592
15.0992
16.6336
15.8384
16.0192
14.728
14.712
14.2736
13.904
14.7584
14.2096
14.9616
15.2208
15.8864
16.3856
15.872
15.04
14.568
15.2672
14.7584
15.216
14.8928
15.4128
14.8064
14.68
14.4576
14.5744
15.1136
14.28
13.5408
14.536
14.1504
14.928
15.0816
15.5056
15.504
15.672
14.912
15.0976
14.096
12.9424
12.9776
12.7504
12.936
13.8384
12.7312
13.1616
12.5968
12.9392
11.856
11.5376
10.3984
10.4032
11.2496
11.1952
11.3024
11.3168
10.8928
11.0176
11.3088
10.9232
11.8256
12.3008
12.6128
12.6768
12.6528
13.8496
12.7888
12.664
12.2464
11.8224
12.4496
12.3264
12.7376
12.2464
12.9536
12.6368
12.008
12.0256
11.1584
11.5168
10.7104
10.6448
10.3296
10.2048
10.7488
10.776
10.8368
10.1392
10.4656
9.9936
10.5792
10.6752
11.096
10.976
11.6912
12.3888
12.1488
12.312
12.1312
11.4592
10.9104
10.5008
10.7984
10.912
11.1264
11.0416
11.1376
11.5616
10.9888
11.0208
11.2192
10.8224
10.0528
9.7472
10.3392
11.04
10.3408
10.8352
11.2832
11.1344
11.056
10.8816
11.1456
10.5424
10.8128
10.5344
10.8048
10.6656
11.6016
11.616
11.952
11.7248
11.5456
12.0736
12.1456
12.2384
12.344
12.2624
12.7056
12.7328
13.1424
13.1872
11.9776
11.2928
10.8096
10.8848
11.2016
11.336
11.3376
11.4624
11.088
9.776
9.5808
9.4144
9.8624
10.0384
10.3968
11.0624
11.4032
10.9168
10.7648
10.2816
10.0896
10.9552
11.0144
11.3552
10.5632
10.1376
9.9808
9.2592
8.8256
8.7376
9.2784
9.3568
9.1072
9.4944
9.352
9.4304
9.1152
8.6752
8.4304
8.1888
8.416
8.5952
8.68
9.0192
8.9728
8.712
