97.7728
97.4144
96.6592
95.648
95.1088
95.7264
95.096
95.4896
95.96
94.9744
93.792
93.3856
92.5104
92.584
92.6192
91.8368
92.3104
91.9648
90.9024
89.8656
90.0752
90.288
88.8304
89.1184
89.1392
89.9376
88.4016
88.5312
89.4944
87.8896
88.5824
88.5376
88.128
88.0544
88.0016
88.432
88.4144
88.1184
88.2128
88.5712
88.2288
88.0304
87.3824
87.1984
86.9776
88.3376
88.3808
88.1952
88.512
87.7472
87.2064
86.4512
86.656
86.152
85.864
86.2272
86.3568
85.744
85.3312
85.1712
85.4176
85.1296
85.3648
84.2544
83.392
82.2096
82.3536
81.8144
82.6976
82.5424
82.456
82.4096
81.7136
80.3984
80.3472
80.3936
79.68
80.2352
80.0192
79.648
80.088
79.6496
79.3168
79.1536
78.4864
78.3904
79.6064
80.4768
80.2976
80.1728
80.88
80.6912
81.2416
80.9728
81.7408
82.2608
82.3856
81.4112
81.0496
81.72
82.2304
81.8768
82.4256
81.9632
82.568
81.7296
81.5712
81.3424
80.8896
81.2928
82.1648
82.3296
82.32
81.1936
80.2528
79.7344
78.8336
79.7056
78.9408
79.3952
78.2
78.3248
79.592
78.7728
77.872
78.1904
77.9984
77.8256
78.4608
78.3984
78.5536
77.9376
77.6656
76.7376
76.7984
77.3344
77.2208
77.768
77.0928
77.2432
76.7392
76.5952
76.4752
76.7424
77.3904
77.2032
77.6112
77.2032
77.1808
77.1472
76.56
76.3552
76.5984
77.2944
77.368
77.8112
77.3184
78.1264
78.3184
77.256
76.9088
78.3888
77.9472
77.7888
77.552
77.1312
78.1456
78.184
78.6976
77.0912
76.3088
75.8544
76.3728
76.1888
76.2272
76.168
75.7824
76.008
76.4816
76.3104
76.1968
76.4864
76.1808
75.3664
75.4
74.6864
74.776
73.3792
72.4144
73.1952
73.3072
73.4272
72.5696
72.7232
72.5296
73.0688
73.2768
73.8384
73.8064
73.7744
73.016
72.2592
70.9952
71.0544
71.0976
71.8112
71.5952
71.4064
71.2704
71.2448
70.9392
70.8976
71.4752
71.0048
71.0592
71.0672
71.3472
71.8432
71.7808
72.1184
71.2464
71.4192
71.4016
71.0288
70.9248
71.4544
71.1136
70.6352
71.1536
71.9024
71.816
72.0608
72.2272
71.8448
71.9632
71.7712
71.704
71.3056
70.9376
71.6928
72.5872
72.464
71.824
71.5712
70.8944
70.4112
70.6704
69.7008
70.0992
70.4576
69.9408
69.7792
69.4848
69.6832
70.232
70.5536
71.1888
70.8496
70.0512
69.6192
69.04
68.2784
67.992
67.7136
67.648
67.8304
68.7936
68.1728
68.3792
68.9744
69.136
68.9136
68.72
68.8336
67.864
67.9504
66.6
66.6368
66.9728
66.9632
66.8992
66.4032
65.928
65.2432
65.0736
64.8624
64.0784
64.0208
64.3744
64.5056
62.9968
63.1552
64.0944
64.3584
64.5648
63.824
63.4256
63.7824
64.1584
65.0176
65.2128
65.064
65.6688
65.44
65.3232
65.152
65.5776
64.4
63.6496
63.8576
64.4576
64.3168
64.7712
64.3776
63.9424
63.4688
62.856
62.9168
63.1328
63.288
62.5296
62.136
62.6368
62.2336
61.2848
61.48
61.9504
62.3248
61.9936
61.512
60.3648
59.8688
60.2064
59.7808
60.2336
60.1856
60.7168
61.6288
61.6528
61.5216
61.8704
62.3344
62.5968
62.7536
62.8512
62.0368
62.6784
62.9232
63.2496
63.3904
63.9424
63.8992
64.576
64.9568
64.3712
65.1552
63.4624
63.4336
63.912
64.2656
64.1824
64.072
64.7264
64.5648
64.0192
64.5888
64.312
64.6016
64.4368
64.832
64.6832
63.4224
63.232
62.2768
61.944
62.4192
62.8736
63.1056
62.7472
62.5712
62.008
62.1248
60.7952
60.8496
60.1472
60.5616
60.1408
59.3312
59.3104
58.7376
58.4304
58.3088
57.688
56.8368
57.1856
57.7152
57.1328
58.1072
57.632
57.2176
56.72
56.768
56.968
56.9872
56.8384
56.6864
57.7456
56.8976
57.5696
56.952
56.7328
57.3696
57.4912
57.048
55.928
56.2176
56.1392
55.0608
54.1856
54.6016
55.2256
54.3136
55.0656
55.3664
55.368
55.4864
55.8128
55.6144
55.7824
56.0816
55.5392
55.2848
55.6864
55.3728
55.6336
55.6592
55.2512
55.6176
56.3504
56.9552
56.9712
57.1424
57.2016
55.8992
55.568
55.3568
55.8688
55.3072
55.7888
55.9104
55.0496
54.4352
54.4992
54.6768
55.0448
55.1008
55.0864
54.1504
53.6112
53.3184
52.9664
51.4464
51.9888
52.8048
52.5232
52.8832
53.1296
53.3504
53.3952
53.7792
54.056
54.3952
54.5632
54.824
55.0416
54.4544
54.8176
54.4528
54.7232
54.6192
54.6384
55.0448
55.1696
55.6272
55.9888
56.92
56.072
55.8112
56.3504
55.9392
55.8752
55.992
55.616
55.7056
56.0256
56.6224
56.7072
57.2096
57.0368
56.6832
55.9616
55.7504
55.808
56.3392
55.7456
55.776
55.5872
55.272
55.8592
55.6832
56.2448
55.9456
56.0672
55.696
56.1088
56.0768
55.2832
55.9136
55.5216
55.6016
55.6432
56.24
56.1072
56.224
56.296
56.6
56.568
56.8512
56.2208
55.0256
54.408
53.8544
53.6
54.112
54.8032
55.936
56.016
55.984
55.6272
55.8512
55.2992
55.1968
55.2736
55.7808
56.256
56.5136
56.1408
55.9792
56.0224
56.0144
55.6736
55.4032
55.4736
55.4864
55.7952
56.2032
56.0384
55.4768
55.0368
54.8992
53.9472
55.0672
53.7536
53.0704
52.8096
52.48
52.6512
52.8928
53.4544
53.1472
53.4928
52.7056
53.0656
51.5504
51.3584
51.5168
51.056
50.8544
50.8432
50.6608
49.7008
49.776
50.0656
49.3456
49.448
49.984
49.7024
49.4992
49.6032
49.976
50.5824
51.184
51.504
51.192
51.1392
51.0256
50.5232
50.9296
51.2608
51.3504
52.0352
51.736
52.3312
52.6352
52.44
52.664
51.8672
52.376
52.9392
53.6592
54.08
54.7408
54.3264
54.2368
55.4144
55.1136
54.9648
54.5504
54.2528
53.9536
53.3664
53.5664
53.008
52.6624
53.128
53.0432
52.4432
52.6992
52.4816
52.7296
52.1712
52.3104
51.824
51.1232
50.4896
50.7216
50.304
49.4912
49.8352
49.7776
49.4864
49.48
48.7984
49.3184
49.4464
49.5376
49.4752
49.184
49.1184
48.6272
48.52
48.976
48.9744
48.8416
49.4464
49.6256
49.3392
49.4512
49.5584
47.9024
47.472
47.8064
47.1232
47.9184
47.5952
47.2176
47.256
47.5904
46.4192
46.6464
46.4752
46.6192
46.144
45.872
45.9568
46.6048
46.3664
46.2144
45.8176
46.0768
45.888
46.3248
46.2752
46.3232
46.224
46.4528
46.2736
46.0272
46.5984
45.9488
45.6512
45.8848
45.7232
45.936
45.9952
46.8736
46.4896
46.6208
46.7248
46.192
45.984
45.6816
45.952
46.4752
46.3856
46.6912
47.0176
46.832
47.5344
47.3824
47.5504
47.3216
47.072
47.4112
46.9328
47.128
46.3056
46.4224
46.4096
45.8416
45.5872
46.032
46.1744
46.6224
47.1952
47.3616
47.4688
47.7952
47.8928
47.8048
47.2272
46.392
46.2704
46.0576
46.4672
45.9968
45.7136
45.6928
45.7248
45.3328
44.9968
45.1776
44.072
43.7536
43.5168
42.8544
42.2064
42.4
42.7888
42.5024
42.8288
42.216
42.1744
42.0096
41.9744
41.8304
41.8224
41.7712
42.0544
41.6288
41.1056
41.1456
40.736
40.7472
40.3328
40.192
39.0704
38.9456
38.8928
39.4352
39.352
38.9584
38.6768
38.4912
38.7008
39.2512
39.7328
40.2688
40.2848
39.9168
40.1904
39.9328
39.8192
39.8144
40.1472
39.9744
39.5008
39.4464
39.2256
39.8224
40.6976
41.304
41.5424
41.3056
41.0992
41.4752
41.6128
41.0048
41.0768
40.92
41.2944
41.6928
42.0416
42.2688
42.6336
42.12
41.4672
41.8528
41.6864
42.024
41.608
41.7072
41.5264
41.448
41.5504
41.44
41.7632
41.96
41.8144
41.4848
41.9824
41.9408
41.4928
41.8112
41.3536
41.352
41.4672
40.7424
40.9008
40.304
40.4896
40.8416
40.8736
40.7856
41.0768
41.0688
41.1056
41.0704
40.056
39.608
39.4368
39.5968
39.9552
39.9744
40.1312
39.8688
39.8928
40.1376
39.9264
40.2528
39.8656
39.872
39.8032
39.5232
39.2992
38.36
37.8976
38.008
37.6512
37.6608
36.7904
36.7472
36.4048
36.0512
36.5968
35.8192
36.2512
36.568
36.6064
36.7296
37.1376
36.9824
36.7664
36.9488
37.1408
36.44
36.9392
36.0544
35.04
35.0688
35.1904
34.9824
35.3232
35.2704
35.792
36.4688
35.7776
36.3344
36.4128
36.6096
35.9056
35.68
35.472
35.944
36.1824
36.472
36.7632
36.784
36.8144
37.424
37.7152
37.6784
37.4192
37.9248
37.0384
36.8816
37.408
37.072
37.0896
37.2784
37.6736
37.9008
37.9296
37.6048
38.1696
37.6416
37.0896
37.4448
37.4752
37.056
37.728
37.9056
38.1168
37.9296
37.96
37.696
37.6496
37.8208
37.7552
38.3808
38.9008
38.968
38.2096
38.3616
37.9632
38.4496
37.8656
38.3984
38.64
38.3616
38.4112
38.952
38.7728
38.7728
38.6832
38.24
37.7136
37.6592
37.3296
37.2656
37.424
36.8976
36.6352
36.0576
35.9264
35.8912
35.8512
35.392
35.5536
35.696
36.12
36.5088
36.784
36.3968
36.3136
36.3072
36.5632
36.1568
36.0528
36.4976
37.1088
36.744
36.32
36.288
35.6096
36.1104
35.856
36.1984
36.12
36.456
35.9712
36.0784
36.0496
36.1536
36.0112
35.6784
35.784
35.8224
36.1936
36.4368
36.3136
36.3808
36.6944
36.7376
36.48
36.3008
36.0288
35.7712
34.2768
34.0832
