97.7728
95.648
95.096
94.9744
92.5104
91.8368
90.9136
90.288
89.1392
88.7904
88.6192
87.9744
88.4384
88.6368
87.4672
88.3968
88.5264
86.5008
85.9328
85.7904
85.3536
84.3168
82.4368
82.4976
81.7152
80.376
80.0176
79.752
78.4272
80.7408
80.824
80.8224
82.408
81.5984
82.168
81.7408
80.8208
82.3344
80.5392
79.52
78.5024
78.7744
78.0528
78.3984
77.4224
77.3344
77.4576
76.4944
77.432
77.432
76.8352
77.2
77.2336
77.5888
77.9488
77.3776
78.5152
75.7792
76.0752
75.9456
76.2352
75.6336
74.8224
73.0448
72.4912
72.8816
73.768
72.3728
71.016
71.7312
71.2576
71.1808
71.4992
71.9712
71.448
71.5056
70.9776
72.0208
71.8336
71.6736
72.184
71.6032
70.5424
71.0944
69.5472
70.3472
69.9616
68.5776
67.8096
68.8128
68.8928
68.896
66.3712
67.1456
66.2864
64.9008
64.0288
63.0832
64.5328
63.728
65.2512
65.3472
65.2128
63.6848
64.704
63.648
63.0144
61.744
61.8448
62.0912
60.3232
60.544
60.5664
61.4576
62.6
62.0512
63.0688
63.504
64.576
63.6192
64.1664
64.4624
64.4512
64.7488
63.2912
62.5376
62.5376
61.8432
59.9264
59.5632
58.3856
57.48
57.7648
57.3344
56.712
56.64
57.2128
57.2544
56.4896
55.8992
55.0624
55.2288
55.6288
56.1456
55.6464
55.1408
56.3168
56.9088
55.9152
55.7584
55.7344
55.2448
55.0192
53.712
51.5376
52.9568
53.3664
54.1872
54.5488
53.9456
54.9536
55.808
56.4896
56.0928
55.3728
56.1104
56.84
55.8464
56.0128
55.2704
55.7504
56.3776
55.4416
55.8176
56.1552
56.2928
56.376
54.4272
54.2928
56.0928
55.6304
55.6512
56.4496
56.0736
55.7216
55.8608
55.0
54.6128
52.6848
53.0496
52.8528
52.1536
51.5552
50.888
49.952
49.9072
49.5616
50.6464
51.4336
50.7456
51.24
52.3312
52.2016
53.3152
54.6112
55.7072
54.344
53.4688
52.6288
52.728
52.7616
51.3216
50.312
49.5792
49.1536
49.4608
48.9568
48.6672
48.7984
49.2832
47.6448
47.1152
47.0736
46.5856
46.1904
46.0656
46.2848
45.8272
46.456
46.2784
45.9456
45.8784
46.6416
46.2032
45.568
46.2656
46.9152
47.6592
47.584
45.9472
45.872
46.2432
47.3344
48.1168
46.264
46.592
45.6976
45.3968
43.8432
42.1968
42.5056
42.1008
41.8864
41.848
40.9776
40.6208
38.8144
39.48
38.368
39.8016
39.8864
39.9776
39.736
39.2512
41.4144
41.3184
41.1248
41.5376
42.1792
41.4928
41.7424
41.3008
41.7488
41.5808
41.992
41.1696
40.8624
40.488
40.9536
41.1488
39.6528
39.6976
39.4176
40.1856
40.104
38.9984
38.0272
36.592
36.1632
36.2512
36.5456
36.7712
36.5424
35.04
35.1792
36.0704
36.432
35.6272
35.992
37.0608
37.4288
37.4352
37.0624
37.0944
37.8944
38.1296
37.4432
37.8288
37.9392
37.6768
38.4448
38.2048
38.1712
38.6448
38.9568
38.7056
37.664
37.4288
36.0624
35.8784
35.8656
36.8384
36.432
36.4192
36.464
35.6704
36.2592
35.9904
36.1584
35.7888
36.2528
36.7904
36.608
34.8512
33.2704
34.3728
34.3376
34.968
33.4304
33.0304
32.2992
31.7936
30.8144
30.936
31.672
31.5616
32.064
31.9712
32.4848
32.6384
33.4944
34.4384
33.4864
33.5296
34.0784
33.896
34.2624
34.1312
34.3088
34.8688
33.7744
33.3888
32.4608
31.5248
32.0672
30.1632
29.7536
30.0912
30.3824
29.3424
29.304
29.984
30.0496
30.6256
29.5952
29.2224
29.032
28.9904
29.192
28.5552
28.6848
28.3232
28.7216
29.1696
28.9888
28.592
28.1856
28.336
28.5168
28.5376
29.168
30.3392
31.5808
30.7232
29.8192
30.7968
30.3264
30.9216
30.9232
30.2928
30.3616
30.456
30.1696
29.8768
30.0992
28.9584
29.2528
28.8944
26.9008
26.4608
25.9296
25.9728
26.3744
25.488
25.3344
25.6928
26.232
26.9584
26.568
25.8528
26.344
25.912
25.9664
26.1952
26.3232
25.872
26.5408
25.9584
25.7328
25.0064
24.5488
24.3936
25.3024
24.5456
24.7104
25.232
25.296
25.0624
25.4992
24.6416
24.7664
24.9712
25.5504
24.7184
24.9856
24.952
24.8224
24.3072
24.7664
25.1408
25.2432
24.7328
24.0256
23.6128
24.2608
24.6032
24.1888
23.9328
23.9136
23.9056
23.4064
23.6032
23.4048
23.1408
23.5792
23.5296
23.328
22.88
22.9312
23.6544
23.5056
23.4048
23.7824
23.7728
22.8256
21.5952
21.0032
20.0624
20.6288
20.9232
20.624
20.2608
20.5328
21.1168
21.0208
21.16
20.584
20.8896
20.4624
21.6304
21.232
21.2864
21.2672
20.8672
19.7072
20.224
20.1552
20.0256
19.7472
19.1632
19.2032
19.7968
20.5472
20.5552
19.7728
19.5968
19.5216
19.9408
20.824
21.328
21.1936
21.2672
20.6448
20.1488
19.4256
19.9024
20.216
20.4928
20.4928
19.7216
20.1232
20.8992
20.5584
21.128
21.5296
21.3776
20.9104
20.488
19.5456
19.3728
19.248
19.3856
19.9536
19.2864
19.5376
19.5696
20.3712
20.7552
20.4496
20.8096
19.9984
20.2112
20.2288
20.392
20.328
20.3776
20.0448
20.4816
20.16
20.2768
19.7472
19.2752
18.9776
18.8016
18.2736
18.7616
19.1984
19.5712
20.568
19.9504
20.208
20.1568
19.504
19.4384
19.2656
18.912
18.8656
18.9712
19.3136
19.4592
19.6048
19.6032
20.2608
19.296
18.8608
18.7648
18.1088
18.1488
18.7808
18.6384
19.5568
19.616
19.5168
19.8048
20.3904
20.3984
19.7664
19.5376
18.3136
18.5184
18.4288
18.5328
18.376
18.064
17.472
17.3552
17.352
17.1952
16.232
15.504
15.4768
15.1088
14.576
15.2432
15.6928
15.904
15.9664
16.0256
16.0944
15.3904
16.0304
15.8736
15.4944
14.9664
15.7072
14.3632
13.7808
13.2368
13.1776
13.2032
13.2016
13.0016
12.7968
13.3952
13.4048
13.3264
13.016
13.2224
13.3504
13.0336
12.4864
11.8656
12.44
12.192
12.0992
11.5712
11.5376
12.2
12.688
12.2784
12.4336
13.1168
13.648
13.5904
14.3056
14.3936
14.408
14.6672
13.736
13.488
13.6752
13.4976
13.7552
13.5136
12.952
13.3888
13.904
14.6656
15.2464
15.4096
15.4128
15.2944
14.5264
15.0048
15.1808
14.6656
14.344
13.5072
13.5664
13.8
13.8224
13.7504
13.8896
14.5632
14.68
14.6928
15.024
14.7664
15.2608
14.8816
14.2368
13.9696
12.888
13.1456
13.3824
13.128
13.0656
12.9616
13.112
12.9808
12.9232
12.8544
13.2592
13.5232
13.3344
12.832
12.928
13.3536
13.464
13.552
13.4144
13.896
13.568
13.4176
13.5232
13.96
13.8928
13.7344
13.744
13.7264
13.6256
13.4928
12.9184
12.608
12.7936
13.1744
12.2448
12.2928
12.3232
12.4944
12.8304
13.2864
13.0736
12.6048
13.0992
13.2896
12.8416
12.1264
11.592
11.7856
11.5872
11.6864
11.9568
12.0112
11.8928
11.992
12.216
11.7024
11.616
11.2032
11.168
10.8
11.3904
11.4832
11.2864
11.664
12.1824
12.0912
12.1216
12.3824
12.4272
12.5616
12.064
11.592
11.7472
11.5104
11.6928
11.2592
11.1024
11.184
11.248
11.3264
11.0272
11.1696
11.416
11.624
11.0544
10.5264
10.3904
10.9392
10.9488
10.5472
10.5792
10.7168
10.7632
10.8528
10.5584
10.6944
10.9696
11.4976
11.6224
11.9376
12.1072
12.0032
11.9952
11.36
11.6448
11.12
11.152
10.944
10.816
10.8352
11.0432
10.9024
10.808
11.2656
11.2896
11.392
11.5472
11.6976
11.304
11.1968
10.2544
9.4112
9.2992
9.1936
9.2432
8.8528
9.128
9.144
8.7184
9.1072
9.0608
8.744
8.832
8.8816
8.9344
9.0176
9.224
9.136
9.5584
9.7232
9.832
10.2368
10.4256
10.5168
10.7344
10.5584
10.0064
9.6224
9.4496
9.6208
9.088
9.0992
8.8624
8.6688
8.7328
8.688
8.6352
8.736
8.9968
8.9024
8.592
8.5936
8.8384
9.2432
9.1936
9.2176
9.0416
8.9632
9.624
10.0144
9.5776
9.5952
9.9264
10.0656
9.3792
9.3936
9.4736
9.3312
9.5728
9.6032
9.5536
9.784
9.9392
10.1792
10.2752
10.3072
10.1504
10.2768
10.1184
9.9552
9.664
9.5184
9.4048
9.2144
8.704
9.1264
8.9872
9.1008
9.552
9.32
9.3536
9.9696
9.9968
9.4096
9.6224
9.8608
9.8832
9.7344
9.8864
9.808
9.8896
10.0944
10.0832
10.288
10.344
10.6272
10.7968
9.9056
10.2576
10.6128
10.5104
10.7264
10.5632
10.552
10.6832
10.8032
11.0528
11.1264
10.9376
11.1312
11.1792
11.4112
11.6944
11.6944
11.368
10.8672
10.9552
11.0912
11.3632
10.9312
11.032
10.896
10.9168
10.5184
10.7248
10.8848
10.2176
10.0592
9.8496
10.1968
10.2992
10.3152
9.9904
9.5696
9.9136
10.2224
10.0464
10.2288
10.4848
10.7808
10.4288
10.224
10.4944
10.3728
10.304
10.7872
10.5136
10.5504
10.752
10.2256
9.3792
8.824
9.0352
9.2112
9.3328
8.7296
8.7424
8.7488
9.1632
9.2368
9.5008
9.664
9.8864
9.9024
9.5152
9.8432
9.5072
9.8256
9.6864
9.7712
9.504
8.76
8.8464
8.7024
8.88
8.6144
8.8848
9.5008
10.0
9.4048
9.7136
9.08
9.072
9.0704
9.1792
9.0528
8.9808
8.4576
8.6976
8.472
8.5088
8.3808
8.2992
8.208
8.3984
8.4976
8.2992
8.4432
