97.7728
90.536
89.728
86.8224
81.7344
83.8864
81.5568
78.9936
80.3536
79.1808
77.3408
75.408
73.9008
74.3008
70.4544
67.8224
67.4048
65.768
67.7184
67.9744
63.04
61.2704
61.3312
61.0336
60.8864
63.4048
63.3648
62.8576
63.248
59.0864
59.3312
63.7648
59.424
58.5984
56.248
55.944
58.2208
57.1168
53.6352
51.608
54.264
54.7472
55.4992
54.1184
51.8288
51.2576
54.4272
56.1968
54.856
55.1328
55.2848
54.1264
52.0672
55.72
56.9216
55.6288
54.3408
54.848
56.1648
57.312
59.7792
59.712
57.3696
59.5616
59.8704
58.8928
58.3776
59.7696
59.2208
59.272
60.3024
61.5008
60.7376
60.4784
62.7152
61.1008
62.8928
64.1952
63.2928
64.6832
65.4096
66.2704
65.2352
65.6624
64.3616
66.0592
67.1456
67.1632
69.1584
70.0048
69.6384
68.4672
68.7616
68.7264
66.6288
67.5056
66.4544
66.5424
69.6784
69.5584
71.5168
67.0352
67.3952
68.8208
67.9104
72.712
74.2848
72.8784
72.6016
73.6048
73.3296
72.9648
72.1712
74.664
75.6624
77.656
75.8384
73.8032
73.2848
75.9536
72.7168
73.608
72.9216
73.672
74.2848
77.368
73.6576
76.864
78.1504
77.768
77.1568
76.336
72.9312
75.1984
76.9376
78.832
75.0096
74.9648
72.4384
70.1808
75.7472
73.7632
72.3728
71.4976
68.5952
64.896
66.9536
68.7536
68.9136
69.7744
64.4192
62.7552
65.5184
66.8144
67.2208
64.984
63.3168
65.4128
63.5328
62.848
63.936
59.5808
64.0832
60.3472
61.3936
62.7792
64.5152
63.3248
60.7424
60.2496
61.4144
62.8768
63.568
60.6784
58.96
62.6352
60.7888
60.9712
60.4144
56.2512
58.136
62.664
65.1856
64.32
61.7072
62.8688
59.9968
61.944
60.5552
60.2288
62.0464
62.3952
60.3504
57.56
57.2064
59.272
60.7296
57.2096
58.728
60.3616
60.3488
58.7632
59.8368
58.208
60.1808
58.7968
56.4064
58.0176
58.8
61.5824
62.9792
61.9664
61.8256
59.9904
58.8496
60.8752
60.1088
62.712
64.1856
65.3744
62.9296
61.728
60.3152
55.3216
57.1328
57.8592
56.4848
58.3072
59.2448
59.48
59.4496
59.0176
58.9168
61.6
61.0272
61.3776
62.3856
63.6864
62.1216
62.4528
61.2096
59.272
57.1472
54.6224
58.3584
58.3328
59.7888
62.624
61.3488
63.296
63.384
60.7168
61.44
60.3776
60.4688
60.6288
61.2448
60.024
57.176
56.5168
53.6016
56.1712
57.0544
54.0656
57.6752
57.3568
58.6192
59.6912
58.1936
57.904
56.2864
55.6384
57.5312
56.9632
58.624
58.9824
59.5584
58.512
54.1776
55.9792
57.2016
56.3056
55.2448
55.056
54.7696
53.9664
55.3232
54.536
53.5488
55.0672
56.3888
55.696
55.84
58.2448
56.1344
56.8464
58.256
58.176
58.7968
57.0624
57.0288
54.6608
58.6736
57.792
60.7904
59.3344
58.9456
58.104
59.5856
59.176
58.4256
62.0432
62.5136
60.8768
57.5344
56.4096
59.56
57.656
58.304
57.0704
55.5792
57.5328
56.9088
59.176
57.9056
60.1728
57.5744
59.1408
61.048
61.6112
59.5744
57.2928
59.6048
60.6512
62.4208
61.0048
57.792
56.3824
57.2736
58.7584
62.3312
60.3488
59.8912
59.4512
61.5488
60.464
58.9488
62.024
61.44
62.6688
63.3088
65.4944
66.2624
63.0288
66.1968
65.7312
64.264
65.9472
64.6784
64.2368
63.48
66.12
65.1072
61.8256
62.0464
59.8496
58.336
61.016
62.0816
60.3584
58.1664
56.4
59.1808
59.2368
57.5024
60.5552
59.6112
58.5136
56.4288
58.88
61.6128
58.8432
58.5456
58.6192
58.9824
60.256
59.5264
62.5488
58.9568
58.3632
60.0688
62.2736
60.3264
59.3088
57.296
56.6
55.776
59.1184
57.9712
54.7984
55.5088
55.3776
57.52
59.2544
60.8096
59.8688
58.8448
58.9728
60.9584
60.5248
62.5136
62.2816
60.3328
60.568
61.2816
62.648
60.7792
56.76
59.2928
58.848
57.232
57.2816
55.0496
56.2368
53.5728
50.6416
52.208
53.0688
51.9232
55.944
54.936
53.5184
54.7056
54.9488
53.1472
52.4672
53.9568
54.4624
54.5392
53.8208
53.888
50.2512
52.736
54.1232
53.8
53.1008
53.9312
57.6576
58.44
59.2336
58.0912
58.7072
59.3168
58.7216
58.2384
56.6848
56.0592
56.9808
55.064
52.7664
51.432
54.4496
53.0016
53.856
55.4816
56.6672
57.0592
57.4624
59.3456
57.5856
60.4528
57.8992
58.9248
57.6432
57.3456
57.8272
57.336
56.7344
56.1136
57.3744
56.4288
55.5216
56.4656
58.936
58.8368
61.1552
61.0016
57.6304
55.0128
56.5776
59.1472
59.3328
57.4112
56.1056
56.6528
56.7248
55.8016
56.44
57.3552
57.2592
55.9568
55.592
53.744
57.9408
60.6992
57.44
59.4032
55.8208
57.8736
55.864
55.6768
55.7648
53.7712
54.7792
54.8336
54.7328
54.2
55.4304
55.1264
58.0176
58.3712
57.2416
55.232
57.3936
58.1376
58.4592
58.6352
56.5936
56.4368
57.4832
58.968
58.2864
60.1984
61.1824
60.0432
58.7552
60.9296
62.04
60.9424
63.6672
62.0
62.4064
65.8224
65.1248
63.2112
64.4944
65.8656
64.7504
64.2928
62.0064
61.2608
64.9152
64.4352
62.8128
62.2608
62.184
58.8656
62.1936
63.304
61.6768
63.248
63.1856
61.9968
59.0864
60.3504
64.3488
63.544
62.1472
61.5648
60.0752
59.7136
60.7152
60.24
57.1168
58.4336
59.2048
58.8784
56.576
56.3744
58.1856
58.3824
57.2784
57.6576
59.0096
60.9616
60.9024
61.1168
59.5856
60.3776
63.1808
62.0032
60.68
59.1088
60.7856
60.2544
58.9424
57.8736
57.4368
58.6608
59.9408
58.1312
59.4528
57.8736
59.6448
59.1872
58.8336
61.2368
62.8816
62.0832
58.0928
57.304
60.376
63.5984
60.3376
60.9296
60.2752
56.848
57.4304
58.4576
57.296
57.1408
59.4928
56.056
52.208
53.768
55.448
55.8224
55.1008
54.2768
55.024
56.728
57.8032
55.4304
55.9104
54.5712
56.1504
57.7648
57.584
52.9104
55.552
57.0528
54.5856
53.344
54.6064
52.632
54.0912
54.536
54.9552
55.3824
55.8208
56.44
53.0432
52.4416
53.5648
53.1488
51.3776
51.7568
54.3328
55.512
55.4176
53.9824
53.5184
55.592
56.9696
54.8112
55.8672
55.3408
58.0928
56.5488
55.68
53.416
52.824
55.2672
53.2016
54.2176
56.3936
54.792
54.2672
54.7184
54.6656
54.1824
56.032
55.9744
56.3168
57.168
56.8352
56.1856
55.9216
55.9904
56.3472
57.1312
53.5712
52.68
55.6304
55.0528
52.2928
53.3984
53.2896
51.688
55.4192
55.5408
56.8
57.6896
56.0112
59.68
60.0112
57.3776
58.4208
58.456
57.576
57.96
57.5424
56.016
56.1568
59.752
58.984
56.8416
56.936
57.8864
55.8544
57.7984
58.6816
59.696
57.1872
58.3072
59.8608
58.8272
58.3952
56.6112
60.528
58.9072
60.0192
60.5504
56.8512
56.872
60.176
61.4704
59.8624
60.2912
60.704
60.16
60.648
62.2512
62.6
62.544
66.0064
64.0752
61.6016
61.5424
59.7872
62.2496
63.8064
63.4832
62.0448
63.1488
63.5344
64.3248
65.5552
62.9952
62.0992
65.6016
64.7936
63.224
64.3696
68.3248
67.5728
64.0768
67.392
66.368
67.6224
68.248
71.2928
71.4928
71.1792
72.528
68.9104
68.5072
67.8048
65.36
65.6368
66.4416
67.3824
64.76
64.2192
61.632
60.9472
61.7984
63.0208
63.5776
63.4144
61.7456
61.9216
61.8832
62.2496
59.144
56.9792
58.9056
60.6592
60.7856
59.8656
60.9552
62.7808
64.048
62.2816
61.008
57.328
59.1312
61.8368
60.664
58.6704
57.368
57.2096
57.608
53.4976
53.3984
52.1424
52.0144
49.5024
49.968
52.0928
50.6448
54.7312
53.4624
53.6032
50.9632
53.3888
52.0016
51.2416
54.3728
52.4448
51.0816
50.3792
50.9456
48.888
46.9232
47.4192
48.432
46.7744
49.8896
48.8704
49.3344
47.576
46.448
48.6992
49.5824
49.0784
46.8736
44.5104
44.0096
45.6752
46.92
46.0128
46.1136
45.5312
43.9168
45.2352
48.4848
48.4704
47.224
48.232
48.6336
49.576
48.9024
50.7328
50.4848
48.0144
48.0576
49.6976
52.2128
53.9584
50.7392
50.4784
48.176
50.8288
52.4016
50.6896
51.1424
52.7584
54.4368
54.1104
55.4752
55.304
52.7616
53.552
56.7168
56.592
57.864
59.1552
59.4272
58.9584
60.5936
61.7968
62.2256
62.0384
60.552
63.6144
64.8112
65.552
64.1248
66.6096
63.9472
63.7616
66.2528
66.128
65.3424
67.0256
67.352
67.7536
69.2528
72.3776
68.6208
68.6416
68.2672
69.5024
70.1744
72.1328
73.3488
69.0832
67.7328
68.3904
70.9888
67.8928
68.1168
68.2512
69.4544
69.8848
69.9104
73.344
72.6688
70.7504
68.0944
70.2848
69.1888
67.1024
66.5792
65.5696
66.7984
69.9984
68.9728
64.6016
65.336
64.6624
64.776
67.3952
70.1616
69.352
65.7824
68.9184
64.968
65.312
66.872
63.024
61.4976
61.4368
62.7776
62.6464
65.2112
62.4464
59.5952
58.9104
60.504
59.1968
60.0128
60.8592
58.2288
56.8784
57.136
58.3504
57.9888
57.9088
58.9184
56.2448
53.36
53.5136
51.8912
54.4576
51.3296
49.5344
49.6224
48.4048
49.5632
47.0752
50.4176
50.8976
49.2352
53.8
47.5696
47.0304
44.2912
41.1728
42.848
46.824
47.9824
47.2208
46.4576
43.8912
45.7264
47.1184
48.4736
49.112
