97.7728
96.6592
95.1088
95.104
95.96
93.792
92.5104
92.6192
92.3104
90.9024
90.0752
88.8304
89.1392
88.4064
89.4944
88.5888
88.1296
88.0032
88.4192
88.2128
88.2304
87.3824
86.9792
88.3808
88.512
87.2064
86.656
85.864
86.3568
85.3376
85.3536
85.3664
83.4048
82.3536
82.5056
82.4624
81.7168
80.3504
79.7456
80.0192
80.088
79.1104
78.4272
79.5328
80.1584
80.8848
81.2496
81.7472
82.3952
81.0512
82.2336
82.1472
82.568
81.5712
81.1424
82.1648
82.328
80.2528
78.8352
78.9456
78.2048
79.4352
77.7568
78.32
78.736
78.5536
77.5552
76.7984
77.2224
77.4144
76.9312
76.6448
77.3984
77.5856
77.1872
76.5872
76.36
77.3872
77.208
78.1792
76.9088
77.9536
77.7808
78.1472
78.5776
76.3088
76.2528
76.0448
75.9616
76.488
76.1968
76.2992
75.208
74.7616
72.368
73.5728
72.5696
72.2816
73.4912
73.7264
73.1648
71.6416
71.0064
71.4288
71.152
71.2352
71.408
71.0592
71.5856
71.6768
71.5344
71.3728
71.6272
71.1136
71.0416
71.816
72.5664
72.1888
72.04
70.9376
72.3152
71.5792
70.9024
70.8656
70.104
70.1952
69.3456
70.1152
71.1232
69.9568
69.3232
67.896
67.4304
68.6304
68.3792
69.1376
68.72
68.04
66.6048
66.9728
67.1056
66.2656
65.0736
64.4384
64.2528
62.7104
63.984
64.5216
63.4256
63.8512
65.2128
65.5136
65.2032
65.4864
63.6496
64.3408
64.6672
63.9472
62.856
62.9616
62.6992
62.2448
61.5824
62.12
61.912
60.28
60.0592
60.1344
60.6592
61.5024
61.8816
62.7264
63.0448
62.5264
63.0448
63.944
64.576
64.2672
64.1136
63.648
64.1648
64.4384
64.0192
64.1936
64.7456
64.5712
63.3712
61.952
63.0192
62.472
62.256
60.696
59.9168
60.6064
59.0816
58.4432
57.9264
57.0672
57.1408
57.536
56.72
56.968
56.7232
57.808
57.5136
56.456
57.4928
56.224
56.1392
54.4544
55.136
55.0096
55.0576
55.7472
55.7184
55.5392
55.6864
55.6384
55.2512
56.3088
57.2672
56.7936
55.568
55.816
56.048
55.3056
54.4304
54.9504
55.0864
53.9328
53.3872
51.9344
52.568
52.88
53.7328
53.7872
54.7456
54.416
54.7616
54.7312
54.6256
55.0784
55.9408
56.4896
56.1408
56.1968
55.456
55.8112
56.632
56.8832
56.1776
56.056
56.0016
55.464
55.7568
56.2448
55.9296
55.8576
55.2672
55.352
55.6544
55.8864
56.104
56.4848
56.4256
54.4128
53.5376
54.6032
56.008
55.6272
55.5968
55.5456
56.256
56.424
56.0224
56.2784
55.4736
55.712
56.6032
54.9968
53.776
53.9536
52.8176
52.9744
53.1296
53.0864
53.0896
51.6208
51.6016
50.6272
50.9712
49.8832
49.5968
49.8784
49.6512
50.5376
51.5152
51.76
50.7632
51.2048
51.712
52.0848
52.4608
51.8672
52.6848
53.9152
54.7232
55.0832
54.6864
54.2784
53.864
52.88
52.7664
53.3584
52.1024
52.6432
51.808
50.7376
50.472
49.3424
49.856
48.7984
49.7552
49.3264
49.184
48.3376
49.136
49.1904
49.1376
49.5584
47.3408
47.664
47.904
47.0224
46.9488
46.7584
45.9648
45.864
46.368
45.7104
45.888
46.0864
46.44
46.2272
46.4448
45.8528
45.8448
45.5344
46.456
46.7584
45.704
45.9072
46.2032
46.88
47.2144
47.4368
47.1456
47.1088
46.488
46.6592
46.08
46.3776
46.9456
47.0832
48.4768
47.1296
46.1952
45.9648
46.1632
45.8896
44.752
44.2624
43.696
42.3584
42.6304
42.5264
42.3216
42.1328
42.032
41.9328
41.48
41.1728
40.4752
40.2448
38.8976
39.712
39.0016
38.784
39.3872
40.4176
39.992
39.7072
39.8656
40.1488
39.5648
40.3296
41.416
41.0912
41.792
40.824
41.1456
41.9968
42.6176
41.9072
41.6672
41.84
41.376
41.5184
42.0064
42.472
41.8544
41.6624
41.6176
41.7456
41.2336
40.5696
40.7728
41.1552
41.4464
40.4992
39.336
39.4368
40.128
39.6736
40.1344
39.9008
39.5888
39.6096
38.2816
37.96
36.5104
36.8864
36.2944
36.1392
36.3552
36.8912
36.704
37.0256
36.7376
35.5856
35.0736
35.3328
35.4
35.7456
36.2528
35.9152
35.7856
36.192
36.5792
36.9264
37.568
37.3072
38.0144
37.2736
36.8208
37.4992
37.9392
37.8144
37.2656
37.7216
37.3568
38.088
37.9264
37.592
37.76
38.7472
38.5216
37.8128
37.6656
38.6528
38.4064
39.24
38.816
38.056
37.6
37.2672
36.9696
36.4528
35.5632
35.6208
36.096
36.544
36.2784
36.5984
36.384
36.7824
36.6432
35.6848
36.0944
35.9168
36.4752
35.848
35.96
35.7968
35.9328
36.2752
36.7024
36.6256
36.136
35.1632
33.7328
33.52
34.0768
34.888
34.5392
34.9712
33.5936
32.9552
33.544
32.9456
31.728
31.2656
31.136
30.6112
30.9008
31.2256
31.8416
31.4848
32.3008
32.1328
31.8896
32.416
32.5792
32.5728
32.6832
33.6672
34.1168
34.4032
33.2416
33.2672
34.3536
33.7552
33.2288
34.1616
34.3168
34.1056
34.3104
34.0096
34.392
33.864
33.9664
33.0336
33.4912
32.4608
32.4016
31.7024
31.3424
30.1856
30.3776
30.1888
30.1056
30.3968
30.5408
29.1712
28.5808
29.5216
29.8176
30.2496
29.9728
30.9296
30.456
29.5888
29.0656
28.7968
29.3264
29.0352
29.2816
29.192
28.8128
28.4944
28.4752
28.6224
28.696
28.9888
28.9392
29.584
28.6336
28.6096
28.4048
28.0976
28.2016
28.3056
28.5536
28.4576
28.7824
29.448
30.3104
31.1568
31.3632
30.5952
30.08
29.6992
30.5568
30.6192
30.5392
30.7344
30.7424
31.0896
30.28
30.5584
30.528
30.4672
30.5392
30.6016
29.8288
29.752
30.2768
29.2208
29.096
29.4624
28.7584
28.4176
27.0704
26.4336
25.7296
26.0224
25.9424
26.0832
26.3824
25.4432
24.9136
25.3696
25.8736
25.5328
26.4064
27.3008
26.4144
26.2352
25.6992
26.36
26.3856
25.5344
25.8816
25.6688
26.1456
26.216
25.8368
26.0592
26.1776
26.728
26.3088
25.5312
26.0352
25.2576
25.3232
24.4656
24.3184
24.8752
24.7984
24.5248
24.712
24.5328
25.112
25.2624
25.0176
25.3264
25.0208
24.648
24.5808
24.6672
24.4352
25.2096
25.2224
25.4576
25.2512
24.6656
25.2272
25.1024
24.5648
24.8144
24.72
24.5936
25.2256
25.0416
25.1056
24.6752
24.7408
24.5648
23.896
23.6256
24.4336
24.5392
24.8832
24.5152
24.2048
23.9312
23.8768
24.096
23.7392
24.5072
23.4928
23.3552
23.5488
23.3696
23.0032
23.6784
23.5648
23.4832
23.5328
22.9504
22.92
23.1488
23.2
23.4192
23.8016
23.0176
23.3664
23.4656
24.1744
23.7088
23.4944
22.2576
21.5952
21.1712
20.928
20.1248
20.5248
20.8384
20.9456
20.64
20.6832
20.3344
20.5728
20.9568
21.0512
20.9856
21.1296
21.16
20.7072
20.92
20.8848
20.6432
20.4576
21.8752
21.2704
20.9968
21.2832
21.3936
20.9776
20.8464
20.3696
19.8288
20.208
20.0784
20.3728
19.8768
20.0896
19.5856
19.1472
19.256
19.2848
19.7808
20.312
20.7104
20.4176
20.1328
19.9456
19.6016
19.3088
19.9376
19.9664
20.064
20.8816
21.3744
21.336
20.9488
21.4448
20.8464
19.992
20.1136
20.5248
19.7184
19.8656
20.1296
19.8368
20.3696
20.1472
20.4944
19.64
19.7632
20.28
20.744
20.6656
20.7216
21.4656
21.3968
21.6032
21.3552
20.8848
21.0
20.4704
20.2192
19.3648
19.344
19.408
18.9232
19.2704
19.5232
19.8304
19.5664
19.3808
19.4416
19.4496
20.2016
20.3568
20.6608
20.5584
20.4672
20.8304
20.184
20.0016
20.192
20.2752
19.9456
20.3344
20.4448
20.44
20.2752
20.3344
20.0128
20.4224
20.2752
19.9456
20.0816
19.8368
19.6416
19.2272
18.7216
18.8864
19.0416
18.512
18.3664
18.7024
18.8832
19.4352
19.5552
19.6736
20.6512
19.9344
19.912
20.52
20.1552
19.8064
19.4416
19.4816
19.2768
18.9952
18.8976
18.9264
18.8912
18.9824
19.3104
19.3968
19.4432
19.1728
19.2688
19.9552
19.92
20.0432
19.1792
18.9872
18.5824
18.736
17.8384
18.2352
18.16
18.5056
18.8704
18.6032
18.9296
19.816
19.5424
19.8464
19.504
19.8048
20.4736
20.1008
20.4448
19.3936
19.7968
19.5696
18.4176
18.0912
18.4928
18.4976
18.5376
18.368
18.3312
17.8208
17.8896
17.1152
17.2864
17.2144
17.4816
17.5824
17.1744
16.8608
15.5328
15.7488
15.0768
15.328
15.1024
14.8704
14.544
15.1888
15.36
15.4256
15.4992
15.888
15.7424
15.6368
15.6256
15.3792
14.8864
15.4656
15.6336
15.4768
15.4576
14.8576
14.832
15.1984
15.3024
14.56
13.5136
13.5808
13.192
13.0144
12.8128
13.1104
13.32
13.1568
12.9664
12.9216
12.8816
13.3312
13.1664
13.3408
13.2624
12.7184
13.0688
13.1968
13.3856
13.3552
12.9984
12.4752
12.3328
11.8944
12.2112
12.4976
12.1488
11.9456
12.2032
11.9984
11.392
11.6624
12.176
12.464
12.8448
12.296
12.12
12.712
13.1152
13.4496
13.2704
13.608
14.1904
14.3312
14.384
14.5152
14.408
14.584
14.3392
14.0512
13.512
13.656
13.4304
13.528
13.6208
13.9312
13.4512
13.3552
12.872
13.192
13.5648
14.256
14.6064
14.9728
15.3648
15.2992
15.232
15.4016
15.2688
15.0736
14.6224
14.9792
15.208
15.392
14.7632
14.144
14.1008
