97.7728
96.464
95.6496
95.2784
95.5472
94.9744
93.3376
92.5296
92.4096
92.3984
90.8912
90.1072
88.8112
88.176
89.8848
88.5392
87.8112
88.8768
88.0352
87.888
88.4256
87.9152
88.4544
87.4992
87.4896
88.3376
88.5072
88.424
87.6144
85.5328
85.864
86.7088
85.9408
85.1536
85.5424
84.2544
82.7392
81.744
82.9616
82.496
81.7472
80.3568
80.0944
80.5568
79.9584
79.48
79.2016
78.5184
79.3952
80.232
80.9312
81.208
81.4736
82.1776
81.432
81.5872
81.896
82.144
82.384
80.9936
81.168
82.1648
82.4752
80.9888
79.5952
79.704
79.1328
78.2208
79.4
78.248
77.9984
78.4992
78.2048
78.0672
76.8672
77.3456
77.5456
76.8032
76.3728
76.4976
77.3936
77.5712
76.6832
77.2512
76.0416
77.2944
77.7184
77.8816
78.136
77.0576
77.952
77.8
77.5568
78.0864
77.0576
75.8864
76.8896
76.488
75.8416
76.0208
76.2304
76.5472
74.7328
74.4448
73.3024
73.1952
73.496
72.7952
72.744
73.392
73.7264
73.112
71.8208
71.1536
71.9088
71.7712
70.824
70.4304
71.1584
70.8672
71.432
71.5584
71.5968
71.6016
71.0304
71.4848
70.9184
71.4304
72.2272
72.4544
72.1152
72.288
71.12
72.0
72.4816
71.5712
70.048
70.176
70.6144
70.0336
69.344
70.1008
70.7088
70.528
69.6464
68.6192
67.4656
67.2016
68.7824
68.6336
69.136
68.6112
68.9616
67.6496
66.6464
66.8224
66.9264
64.52
65.2256
64.2144
64.3424
63.3984
63.5808
64.2304
63.7664
63.7824
64.8384
65.56
65.6352
65.5152
65.344
63.912
64.3472
64.3728
64.3776
63.4688
63.16
63.0304
62.8704
62.3936
61.5808
62.0992
62.0528
61.3424
59.7184
60.5664
60.3184
61.176
61.8816
61.9632
62.88
63.2544
62.3744
63.0816
63.3552
63.4784
64.8672
64.7808
63.6704
63.9232
64.4064
64.592
64.5936
64.5744
64.6816
65.0448
63.7872
62.2768
62.328
62.9296
62.4896
62.1632
61.5376
60.824
60.5616
59.3744
58.8544
58.28
57.4032
57.1856
57.1328
57.7456
56.9888
56.5792
57.3408
56.8128
57.6336
56.9744
56.8976
57.4912
55.928
55.8928
54.6384
54.7408
54.2
55.3712
55.5856
55.336
55.9968
55.5312
55.6864
55.6336
55.6736
56.0256
56.9216
56.944
56.128
55.4704
55.8688
55.7888
55.3056
54.3216
54.8768
54.8848
54.296
53.6096
52.4672
52.3088
52.7184
53.1856
53.7248
53.7792
54.4864
54.824
54.4416
54.232
54.8384
55.1408
55.4576
56.0032
56.576
55.9712
56.0912
55.7408
55.5632
56.4992
56.9568
57.1808
56.0032
56.056
56.0432
55.3216
55.464
55.6832
55.9456
55.9248
55.9856
55.5536
55.6368
55.8864
55.9456
56.1136
56.4656
56.5568
55.5792
54.0992
54.2272
55.5712
56.0336
55.6272
55.5968
55.448
55.9376
56.3024
55.9856
55.8592
55.3136
55.6144
55.5712
56.3216
54.9776
54.0
54.1392
53.2112
52.4944
52.7744
53.3936
53.6528
52.816
51.6752
51.6096
50.6368
51.0256
49.9744
50.0
50.272
49.6544
49.7216
50.9088
51.5184
51.4896
50.9376
51.0752
51.1552
51.736
52.456
52.8176
52.1952
52.9392
54.08
54.6848
54.9776
54.6048
54.3344
53.9584
53.4432
52.5088
53.0432
52.6448
52.3344
52.7504
51.6832
50.7424
50.7104
49.5472
49.6992
49.48
49.2928
49.624
49.4752
49.4208
48.3648
49.0912
48.8416
49.6256
49.5744
49.032
47.4848
47.1232
47.6048
47.128
46.9568
47.0048
46.4016
46.136
46.2592
46.3792
45.9488
46.0704
46.2752
46.224
46.1808
46.1168
45.9408
45.7104
45.7264
46.3856
46.5312
46.7424
45.8912
45.8816
46.2304
46.7664
46.856
47.3824
47.7488
47.2992
46.9328
46.3056
46.2928
46.0832
46.288
46.8288
47.2112
47.6832
47.8048
46.848
46.1744
46.456
45.7136
45.888
45.3248
44.3776
43.7536
43.0736
42.3248
42.76
42.808
42.4512
41.9744
41.7856
41.7968
41.7792
41.216
41.0208
40.2048
39.224
38.9424
39.352
38.6704
38.784
39.3744
40.2864
40.3424
39.9504
40.0448
40.016
39.5744
39.2432
40.608
41.56
41.0704
41.6432
41.1264
41.1728
41.5488
42.1392
42.384
41.4912
41.6544
41.888
41.9808
41.464
41.6048
41.9648
41.7264
41.8224
41.5024
41.3584
41.4912
41.256
40.5888
40.9904
40.7856
41.0688
40.976
40.0112
39.2352
39.9616
40.0688
39.6976
40.4912
40.2464
39.592
39.3744
38.36
37.7296
37.7104
36.8624
36.8864
36.2912
36.1344
36.464
36.7296
36.9824
36.7104
36.3872
37.1136
35.0464
35.2128
35.3328
35.5248
35.96
36.2224
36.568
35.4
35.664
36.1792
36.8576
36.8304
37.5632
37.3568
37.9408
36.9312
36.9952
37.1056
37.6784
37.9344
38.0544
37.368
37.7168
37.0464
37.9872
37.9616
37.7824
38.0928
38.0464
38.9824
38.1728
37.9744
37.6608
38.528
38.4688
39.0032
38.7904
38.3696
37.3984
37.3744
37.4448
36.656
36.152
35.544
35.4128
35.712
36.5248
36.3664
36.2816
36.5584
36.3568
37.0464
36.4816
35.7488
36.2272
36.1456
36.36
35.9632
36.0352
36.0992
35.784
36.1088
36.2736
36.544
36.7728
36.6144
35.7712
34.3088
33.208
33.744
34.368
34.2288
34.208
34.8288
33.9424
33.0672
32.9712
33.12
32.2336
31.3856
31.392
31.104
30.7136
30.896
31.2208
31.5344
31.76
31.896
32.2704
31.4832
31.6224
32.6064
32.6768
32.88
32.664
33.4768
33.6224
34.0512
33.3344
33.1024
33.48
34.456
33.7504
33.248
34.2736
34.2336
34.6432
34.2512
34.1216
34.1968
34.64
33.8592
33.9088
33.3424
33.4992
32.4672
32.5168
31.8928
31.8192
31.4992
30.2464
30.5328
30.1888
30.1056
30.2896
30.6032
29.3728
29.0064
29.0336
29.7088
29.9776
30.2496
29.8592
31.2496
30.2416
29.5904
29.1008
28.9248
29.032
29.0448
29.0784
29.28
29.4288
28.8128
28.3728
28.7232
28.48
28.7952
28.7376
29.2256
29.1792
29.2672
28.7824
29.04
28.392
28.0384
28.2944
28.3968
28.432
28.4336
28.5008
29.016
29.5984
30.1424
31.4672
31.6352
31.2176
30.2624
29.9584
29.8928
30.7568
30.7264
30.4192
30.7344
30.5952
30.9072
30.2848
30.2912
30.44
30.4752
30.6512
30.5088
30.6016
29.8288
29.7856
30.2768
29.3008
28.8256
29.152
29.5408
28.9776
28.416
27.136
26.3152
25.7568
25.9232
25.9072
26.0384
26.152
26.4672
25.4432
25.0304
25.3696
25.8704
25.5344
26.2
27.0752
27.3376
26.5344
26.0448
25.7904
26.3072
26.3776
25.4064
25.8736
25.912
25.9584
26.2256
26.3696
26.1648
25.9824
26.1696
26.7088
26.2928
25.28
25.8432
25.8272
25.5024
24.8784
24.1392
24.3648
24.9824
24.7824
24.7824
24.3584
24.8192
24.7904
25.2288
25.1728
24.8256
24.7216
25.016
24.8144
24.5264
24.5056
24.56
25.0816
25.0176
25.5488
25.2368
24.8512
24.752
25.2704
25.3312
24.5408
24.7904
24.8816
24.3392
25.0816
25.0112
25.1024
24.8848
24.6592
24.6448
24.832
23.7904
23.4832
24.0432
24.1344
24.4496
24.8736
24.5776
24.2016
23.928
23.8176
23.9824
23.6448
24.1904
23.3728
23.4976
23.4288
23.5456
23.448
23.0
23.6432
23.5328
23.6432
23.4416
23.3024
22.8336
23.1344
23.136
23.1872
23.5248
23.6192
23.48
23.2256
23.1296
23.3328
24.3264
23.8416
23.4608
22.1984
21.6
21.176
21.1152
20.2768
20.4256
20.5168
21.1024
20.7648
20.7232
20.7328
20.2912
20.4672
20.672
20.992
21.2416
20.9696
20.928
21.1808
20.8032
20.9104
20.8768
20.6352
20.4496
21.4448
21.8176
21.4752
21.2016
21.2512
21.4944
20.6448
20.664
20.6832
19.7024
20.3632
20.1792
20.1104
20.344
20.0976
20.0608
19.5568
19.1424
19.4992
19.1824
19.5456
20.0736
20.3264
20.2544
20.1648
19.8464
19.912
19.8336
19.3248
19.6752
19.7984
20.056
20.6624
21.1888
21.3424
21.328
20.9408
20.9328
21.1344
20.384
19.5904
20.208
19.6256
19.9376
19.936
20.1648
20.2208
20.3536
20.4816
20.4576
20.104
19.92
19.9744
20.4304
20.8448
20.016
20.8592
21.4336
21.3888
21.6416
21.3472
20.4992
20.8592
20.6304
20.4064
20.3056
19.4144
19.344
19.3568
19.1904
19.064
19.5904
19.6944
19.9328
19.2512
19.4784
19.3936
19.7536
20.0144
20.336
20.408
20.544
20.2304
20.4384
20.7696
19.8992
19.9696
20.0672
20.2208
19.616
20.168
20.3104
20.2832
20.4176
20.3152
20.408
19.9648
20.248
20.2272
20.1072
20.0176
20.4688
19.6816
19.9024
18.92
18.4976
18.9232
19.016
18.4864
18.2272
18.6368
18.8224
19.0448
19.7024
19.552
19.8464
20.648
19.904
19.928
20.2192
20.2944
20.168
19.7792
19.624
19.56
19.7376
19.0864
19.1392
18.9216
18.736
18.9664
19.064
19.1104
19.3232
19.608
19.2096
19.1952
19.56
20.0336
20.0592
19.6544
19.2928
18.8144
19.0144
18.7344
17.8864
17.936
17.9984
18.464
18.7616
18.4832
18.6304
19.5328
19.8416
19.7744
19.8352
19.4928
19.84
20.5088
20.4112
20.3648
19.6544
19.8112
19.8416
19.5584
18.4064
18.08
18.4816
18.4016
18.5504
18.6896
18.3136
18.2928
17.7664
17.9424
17.2368
17.536
17.208
17.4864
17.5232
17.3584
16.704
16.5424
15.496
14.816
15.2048
