97.7728
97.7936
97.224
97.2352
97.4336
97.4144
97.1152
96.8464
96.512
96.464
96.6592
96.6304
96.1936
96.3088
96.2112
95.648
95.352
95.144
95.6496
95.2944
95.1088
94.992
95.0368
95.4224
95.5264
95.7264
95.5648
95.2784
94.9152
94.7984
95.096
95.4224
95.4848
95.5584
95.4832
95.4896
95.5472
95.8144
95.9344
95.9664
95.96
96.2112
95.9616
96.2784
95.1376
94.9744
95.2176
94.648
94.2752
94.0064
93.792
94.0896
93.9568
93.4464
93.3376
93.3856
93.2256
92.8816
92.7024
92.7744
92.5104
92.5264
92.7744
92.5296
92.5792
92.584
92.2736
92.0912
92.4016
92.2416
92.6048
92.2736
92.4096
92.1488
92.1072
91.8368
91.896
92.3616
92.6256
92.6064
92.3104
92.3984
92.5776
92.2416
92.2064
91.9648
91.968
91.608
91.24
90.944
90.8768
91.1088
91.416
90.768
90.5008
89.8656
89.9056
90.088
90.2288
90.1072
90.0752
89.848
90.1216
89.8928
90.1696
90.2704
89.8016
89.24
88.8032
88.848
88.8112
88.9312
89.1744
88.9472
88.9456
89.1184
88.9552
88.176
88.2896
88.5792
89.1392
89.2784
89.3024
89.3424
89.4224
89.8864
89.8784
89.7936
88.576
88.6336
88.3664
88.3968
88.8272
89.1008
88.1616
88.5056
88.728
89.1488
89.1472
89.3056
89.4896
88.9456
88.672
88.0512
87.7664
87.84
88.3968
88.888
89.2848
88.848
88.5584
88.6752
88.1952
88.5488
88.3792
88.5184
88.7072
87.5984
87.8416
87.9616
88.2864
88.0288
88.0048
88.616
88.3376
88.0144
88.0144
87.9856
87.648
87.8688
87.6832
87.8656
87.84
88.08
88.3152
88.4208
88.1072
88.472
88.04
88.2672
88.4144
88.408
88.312
88.5152
88.6496
88.0912
88.1664
88.3072
88.1792
87.8944
88.1744
88.6256
88.832
88.9168
88.8304
88.7056
88.4448
88.256
88.184
88.1424
88.224
88.4624
88.424
88.3728
87.8368
87.9696
87.4288
87.4992
87.2928
87.0112
87.4896
87.5648
87.776
87.2512
87.0608
87.1968
87.4832
87.32
87.264
86.7232
86.9408
87.2992
87.3856
87.6208
87.8704
88.2832
88.4736
88.56
88.296
88.4576
88.3552
88.0464
88.2224
88.2496
88.4768
88.1952
88.48
89.2224
89.1248
88.7312
88.4784
88.2208
88.08
88.392
88.1456
87.7152
87.9392
87.8448
87.3952
87.5248
87.1872
87.5152
87.584
87.704
86.84
86.4
86.4992
86.7344
86.8816
86.5168
86.3776
85.5024
85.3696
85.9168
86.0512
86.1264
86.3648
86.1968
86.0256
85.8512
85.8512
86.1936
86.2784
86.2784
85.8512
86.184
86.2656
86.7072
86.72
86.3456
86.3184
86.3232
86.096
85.736
85.6016
85.6528
85.6912
85.8256
86.0176
85.8704
85.32
85.3504
85.072
84.92
85.1712
85.1312
85.1056
85.0912
85.1312
85.1312
85.3856
85.128
84.9648
85.0128
84.7856
85.0864
85.608
85.448
85.0736
85.0544
85.3248
84.4624
84.5104
84.6144
84.2544
84.2544
83.6432
83.5536
83.2256
83.4144
83.3632
82.6192
83.1248
82.8368
82.808
82.1776
82.1312
82.1312
82.3808
82.336
82.3232
81.952
81.7088
81.56
81.752
81.8128
81.8912
82.2512
82.32
82.32
82.8336
82.9424
82.9184
82.5952
82.3264
82.672
82.4128
82.4832
82.6064
82.5856
82.432
82.4432
82.4432
82.6064
82.4112
82.4096
81.9872
81.9216
81.664
81.7152
81.6992
81.504
81.304
81.0704
80.584
80.3776
80.432
80.2592
80.2592
80.064
80.3168
80.7408
80.4832
80.5088
80.7072
80.3936
80.6928
80.6656
80.0672
80.0256
79.664
79.8592
79.9904
79.8976
79.992
80.2464
80.456
80.5392
79.8528
79.8448
79.7232
79.9216
80.0512
79.9776
79.4304
79.648
79.9584
79.9344
80.072
80.4592
80.1824
80.2864
80.5472
80.4272
80.3024
79.5472
79.4256
79.008
78.9216
79.1504
79.3056
79.5328
79.6384
79.1904
79.272
79.3024
79.0384
79.2528
78.4928
78.344
78.4816
78.5088
78.3664
78.4528
78.1952
78.328
79.0688
79.3424
79.2
79.3824
79.5984
79.7328
80.0192
80.2704
80.616
80.4768
80.6896
80.7456
80.5344
80.6864
80.0368
80.2128
80.1904
80.2896
79.8752
80.1184
80.288
80.44
80.5616
80.6272
80.872
80.9856
80.8272
80.9904
80.832
80.6912
80.68
80.8752
81.1936
81.1856
81.2336
81.1408
81.4
80.7536
80.8864
81.0896
81.2384
81.2608
81.6736
82.0784
81.7408
82.0704
82.1936
82.3344
82.2608
82.2608
82.0384
82.1616
82.256
82.3856
82.3856
81.9728
82.0544
81.7664
81.3312
81.3872
81.4224
81.5008
81.5248
80.9632
81.048
81.2128
81.5008
81.528
81.5872
81.72
81.7424
82.3376
82.2208
82.1552
82.2304
81.976
81.5856
81.6512
82.0304
81.8576
81.8576
82.0432
82.1312
82.352
82.424
81.672
81.8016
81.824
81.9648
81.9632
82.1872
82.4128
82.4192
82.536
82.536
82.5168
82.5248
82.4176
82.2448
81.4064
81.5952
81.5952
81.5952
81.4848
81.5376
81.0992
81.2736
81.3408
81.432
81.3344
81.0752
80.7984
80.8832
81.0848
80.8448
80.3888
80.3888
80.5504
81.2032
81.2736
81.536
81.6784
82.1648
82.1344
82.1344
82.0
82.3776
82.0816
82.3024
82.3296
82.1936
82.456
82.2832
82.2832
82.2816
82.288
82.5392
82.752
81.6992
81.1808
80.9888
80.9808
80.6688
80.3584
80.2176
80.3168
79.8688
79.5584
79.7296
79.7296
79.7824
79.8448
78.72
78.8016
78.8192
78.7184
79.1264
79.3712
79.4544
79.7664
79.192
79.2944
79.0112
79.0112
79.0656
79.1024
78.7424
78.9888
79.2
79.2048
79.0256
79.0176
78.4864
78.4752
78.168
78.2976
78.5424
77.7056
78.12
78.3248
78.7584
78.8416
79.0528
79.5104
79.5712
79.9024
79.3792
79.3792
78.7072
78.7728
78.752
78.7472
78.7328
77.92
78.064
78.28
78.28
77.568
78.0176
78.2976
78.3312
78.2336
78.2768
78.32
77.9808
77.8848
77.8848
77.9072
77.728
77.8912
77.9472
78.2656
78.4208
78.6384
78.5968
78.408
78.456
78.4864
78.3008
78.3984
78.6848
78.1648
78.256
78.6784
78.3376
78.208
78.0352
78.0352
78.2592
77.9232
78.0528
77.8864
77.6224
77.4144
77.6528
77.7312
77.5232
77.2496
77.0016
76.7376
76.8416
76.9648
77.1408
76.7872
76.8656
76.9952
77.0736
77.0736
77.3344
77.3232
77.1344
76.96
77.0832
77.2016
77.2768
77.368
77.4544
77.5168
77.5376
77.504
77.7344
77.7728
77.6272
77.4064
76.7696
76.8224
76.7952
76.7952
77.0832
77.1984
77.3184
76.8304
76.8304
76.8624
76.7392
76.7392
76.5792
76.6912
76.4736
76.5904
76.6672
76.9296
76.3728
76.6448
76.4448
76.6032
76.1872
76.5376
76.7088
76.704
76.9152
77.1376
77.2576
77.3856
77.6064
77.9056
77.9664
77.464
76.8336
77.2032
77.3392
77.4944
77.5712
77.5696
77.592
77.6912
77.0672
77.3392
77.4112
77.2928
77.2928
77.1072
76.7712
77.1808
77.1808
77.2368
76.936
77.2608
77.4208
77.1472
77.1216
76.9296
76.4944
76.808
76.5728
76.6992
76.312
76.7632
76.4912
76.0144
76.152
76.024
76.344
76.3584
76.6224
76.7712
76.9984
77.1056
77.1712
77.2944
77.2576
77.4656
77.7376
77.672
77.3312
77.4032
77.4096
77.6832
77.6816
77.7792
77.9088
77.9296
77.3424
77.208
77.3184
77.552
77.7248
77.9664
78.0864
77.8528
77.6
77.8432
77.976
78.0832
78.3184
78.0672
77.4496
77.6736
77.8224
77.312
77.1248
77.056
77.0672
76.824
77.0576
77.3904
77.6992
77.7088
78.1264
78.504
78.0144
77.768
78.0976
77.9472
78.056
78.1744
78.2784
77.6576
77.6576
77.7936
77.8528
77.7808
77.7808
77.7808
77.552
77.6176
77.6176
77.4032
77.36
77.1936
77.2208
77.5552
77.6448
78.0112
78.1344
78.1072
77.8496
78.1728
78.1424
78.2272
78.3024
78.08
78.2
78.5776
78.4448
78.1616
77.0528
77.2832
77.7008
77.0576
76.8624
76.7904
76.3664
76.2976
76.2896
76.2656
75.872
75.744
75.7872
75.8784
76.1632
76.3056
76.3056
76.2528
76.4704
76.7424
76.7424
76.7424
76.048
76.1584
76.0912
76.0864
75.8416
76.0368
76.4976
76.4976
76.4528
76.5456
76.1072
76.1408
76.344
76.0528
76.2352
75.9616
75.7808
75.7536
75.9104
75.9104
75.8832
75.9808
76.2176
76.4032
76.6208
76.4816
76.016
76.0992
75.816
75.8992
76.1904
76.24
76.0976
75.9568
76.1968
76.1968
75.9392
76.0
76.1392
76.2576
76.2928
76.56
76.8112
76.3312
76.4128
76.2976
76.1808
76.3552
76.4592
76.2352
75.912
75.136
75.136
74.912
74.8256
75.0784
75.4
75.5168
75.1952
74.992
74.6256
74.6048
74.424
74.424
74.5872
74.7616
74.776
75.0064
74.9792
74.736
73.2752
73.0592
73.328
73.1552
72.8336
72.368
72.5344
72.528
72.7136
72.9008
73.1408
73.1232
73.2
73.224
73.4448
73.4448
73.4624
73.5872
73.432
73.712
73.184
73.1344
72.6752
72.3536
72.6512
72.8832
72.5696
72.6336
72.7808
73.1792
73.1456
72.6608
72.6512
72.9248
72.7344
72.2768
72.5296
72.616
72.3968
72.6128
72.8192
73.0464
72.8768
72.8768
73.4912
73.4832
73.2688
73.3792
73.52
73.632
73.5904
73.4624
73.5552
73.3568
73.592
73.7248
73.8048
73.8672
73.9728
73.9568
73.7584
73.6144
73.7072
73.288
73.3664
73.16
