97.7728
93.84
90.2112
88.9232
88.5664
87.9632
85.7568
82.9904
80.6928
81.0464
82.392
82.56
78.9152
78.368
77.6384
77.7472
77.5472
78.0608
76.888
73.9648
74.5456
71.6128
72.9728
72.2528
72.3728
71.048
70.488
69.6928
67.4256
65.296
65.6848
64.3408
63.9344
62.608
62.5024
64.3744
65.0784
65.4336
63.1344
59.9408
58.4032
58.3856
55.328
56.8832
57.9024
56.5264
54.8768
54.4432
55.6704
57.4032
58.1616
56.8544
56.7328
56.4368
56.3184
57.2192
56.192
53.8816
52.0512
50.8768
52.3504
54.0112
55.2608
53.5744
51.2368
50.368
51.2592
48.784
47.496
47.4192
48.3184
48.6064
47.4416
49.1936
47.3184
44.04
42.9312
41.3056
42.2848
41.6304
43.5184
43.5584
44.0144
43.3088
43.0608
42.0768
40.2128
38.5792
38.8256
38.1696
39.3136
39.4864
39.952
40.4768
40.4064
40.6256
38.6896
39.3104
38.736
39.0736
38.592
37.5328
36.2288
34.0048
35.6752
36.1824
36.6368
37.7536
37.8864
36.512
33.9888
33.5696
34.0048
32.6624
32.648
33.0496
32.384
32.7024
35.7312
34.8192
35.1136
34.936
33.7952
31.5152
31.1952
30.352
31.2592
30.7488
31.472
30.9024
30.7664
31.0688
30.728
31.592
30.8672
31.016
30.3216
30.7376
30.112
30.152
30.3504
30.1872
30.64
27.9296
28.3456
28.2544
28.4688
28.6208
29.2912
28.3696
27.2352
28.9072
28.0368
29.9584
29.6416
28.9248
29.264
29.6864
30.3984
29.3616
29.7552
29.9872
30.6688
30.152
31.3168
30.96
30.1216
30.096
31.4096
31.6096
30.6432
31.8528
32.6464
31.2864
31.336
32.448
33.9472
32.44
32.3712
31.1024
30.0512
29.4352
30.576
31.1968
31.3504
30.3632
29.8448
29.6752
30.4896
30.888
30.4816
30.0064
31.1856
32.536
33.7136
33.7712
34.336
33.9712
36.6368
36.7648
36.3408
36.056
36.5088
38.0544
38.72
38.3328
38.2848
38.2976
38.1344
39.2176
39.2432
39.9008
39.8368
39.8928
39.5552
38.52
38.0688
39.3824
38.8608
37.6496
37.3344
38.2496
38.4608
38.3408
38.152
38.7856
38.92
39.0432
39.336
39.776
40.9184
40.6368
40.5728
41.6768
42.8192
43.76
42.3936
41.9264
42.4976
43.4992
44.8624
44.5584
44.6784
44.9008
44.688
44.9296
46.088
47.256
47.8144
46.944
45.9456
44.9728
45.1792
44.5824
45.8144
45.8336
46.0224
46.9344
45.2528
46.9056
48.7472
48.64
48.3904
48.416
49.3248
50.2256
51.4864
52.6576
52.6144
54.3264
52.8992
51.6128
52.2768
51.1136
50.4352
51.9408
50.784
51.864
52.3232
52.3856
52.272
50.1712
51.088
51.9888
53.7552
53.8912
53.3792
51.3744
51.5232
52.4384
54.008
53.9728
53.8096
53.2448
53.2976
53.0464
53.4496
55.3344
54.5568
55.8688
57.4048
58.8
59.6064
59.5408
59.6464
58.3936
58.5184
54.8656
51.9616
53.3104
53.9296
55.624
54.648
54.448
53.536
53.9712
53.6592
55.7456
56.0496
54.4704
55.3152
55.4016
56.9056
55.152
55.2464
57.24
55.872
54.288
52.392
51.1712
52.3216
52.376
53.728
54.3232
52.3792
52.3664
52.592
52.176
52.3312
51.7392
54.1056
53.4048
51.7856
52.6896
50.7408
50.08
51.1168
52.8672
52.8912
50.8992
49.7696
49.6416
49.8448
49.4896
51.2192
53.7504
53.152
53.6608
51.9952
54.2176
52.7728
51.3056
50.7536
49.4304
47.2944
48.0512
48.6912
50.9904
50.8688
49.1648
48.4672
47.0064
46.88
47.6816
47.1456
46.6416
46.1232
46.592
45.6816
45.3216
46.1888
43.896
44.0736
41.6752
41.6128
41.8208
42.9168
41.352
42.2256
42.0112
41.1408
40.8784
39.0848
40.0752
40.2656
39.9072
42.2272
42.7296
43.0032
39.56
38.7952
38.2592
39.0752
41.6544
39.5168
38.8944
35.5488
36.6592
37.5184
39.1584
39.5328
39.28
37.0896
37.392
36.6544
36.4224
36.3744
33.5792
34.368
34.6896
34.2368
35.9808
36.4
34.648
33.1568
34.5248
33.7056
33.24
31.904
30.7984
32.9936
33.2512
32.8912
33.2144
31.976
30.7168
29.6016
29.2032
29.1808
30.0752
29.7344
28.992
28.3472
29.8816
29.4496
27.9504
27.9696
26.6496
26.1728
26.0832
27.6736
26.8944
28.4048
27.9984
27.6656
27.1888
27.2032
27.008
26.3136
26.5792
26.3328
26.6496
24.7168
24.0784
24.5648
24.9648
25.7792
26.6272
27.4128
27.0
26.0032
25.5936
24.6368
24.5952
24.704
24.864
24.2624
25.4112
25.3232
25.6464
24.7152
23.9792
23.6896
23.9712
24.6032
25.232
25.0528
25.3008
24.96
25.552
25.464
26.0208
25.0144
25.5344
23.9952
23.5696
24.0928
24.1936
23.3792
22.8048
22.8448
22.8544
22.5632
22.9952
22.5376
22.776
22.7936
23.6496
23.216
21.584
21.4816
22.1472
22.376
23.0544
23.9936
23.8656
24.0176
22.7616
21.392
21.4448
21.7248
21.936
22.3296
22.6048
23.3936
24.72
24.3328
25.1328
23.7504
23.4208
24.2832
23.248
23.7024
23.5984
24.4928
24.8112
24.7472
25.2912
24.7552
24.2272
24.8176
23.8144
24.504
23.8896
25.04
24.7568
24.6512
25.0256
25.6
26.0656
26.2304
27.0896
27.0768
26.7968
26.6224
27.2848
27.5888
27.3008
26.5456
28.1072
28.6352
29.0912
28.4256
26.9712
27.8336
28.704
29.2592
28.9296
28.2592
28.8864
29.5376
29.168
29.5408
28.5904
28.2336
28.0016
28.5232
28.1648
28.9824
29.6512
29.632
30.4432
30.1552
31.2992
30.8928
31.8208
32.5296
30.856
31.2256
31.1904
31.1472
30.9152
29.904
30.2624
30.6704
30.8192
30.3104
29.896
30.0112
30.656
32.1408
32.696
32.1536
33.1584
32.8976
33.2512
33.2272
32.9408
34.4432
34.224
33.8976
32.1088
31.4912
30.9664
29.64
32.2544
31.7696
32.8816
34.1376
33.9216
33.8576
33.1984
34.3056
33.3472
34.096
34.36
34.1392
33.7376
34.4016
34.4896
34.2336
34.392
33.5744
34.3664
33.5136
34.8096
35.8832
36.2928
36.7488
37.528
37.9024
37.8304
39.36
39.0176
38.2608
37.9952
36.5264
37.1536
36.344
36.9024
35.2592
33.944
34.3648
34.2816
33.6784
31.7248
32.4672
31.5728
31.832
32.5008
33.5888
32.7904
32.44
34.3952
35.8352
36.3104
36.04
36.5712
35.1504
35.4736
34.84
35.7904
36.3952
37.7888
39.4144
39.192
39.064
38.9344
37.6224
37.8672
35.7312
35.584
35.8368
36.424
36.9024
35.2192
35.3136
35.5872
36.5472
35.928
36.5872
37.0192
36.2064
36.0336
34.8512
36.3952
35.8208
35.632
34.9552
35.4336
35.5888
34.6208
34.7488
35.0576
35.584
36.3408
36.552
36.5712
35.9104
36.68
35.3216
35.1904
32.6512
32.8496
32.0944
30.7312
30.1888
30.3936
31.1168
30.6608
31.0496
30.1248
30.104
31.2352
31.7648
31.8608
32.0656
32.8928
33.0736
32.5072
33.0976
33.5008
34.4272
32.4032
33.5184
32.9808
33.6832
32.8032
32.8624
33.544
31.736
30.496
31.0608
32.6464
33.6608
33.3232
33.3616
32.8112
33.056
31.3792
31.9808
31.4832
30.6448
30.9984
30.488
30.7408
29.0816
29.3712
27.9712
28.896
28.8064
28.6
30.0208
29.7456
30.9952
31.24
30.3232
29.9536
30.1504
29.7248
28.32
27.864
26.7056
27.2672
27.4208
27.92
26.6416
27.5104
28.8784
27.4688
28.1744
28.1152
29.7616
28.368
29.8784
29.1696
29.312
29.8368
30.0
30.1968
27.9024
26.7104
27.7488
26.9376
27.7984
27.9968
27.4
26.1584
26.3008
27.1472
28.1568
27.8864
28.7392
27.5696
26.5392
26.4352
27.008
27.5056
28.4192
28.8896
28.9712
27.64
25.0304
25.6528
25.6864
23.4016
23.7456
25.4816
26.5312
26.728
27.2624
26.6528
26.0896
26.112
25.5424
25.9088
26.2624
25.3872
25.368
25.2768
24.7456
24.4032
24.2432
23.1648
22.4944
23.232
24.2416
24.1472
23.7648
24.8064
24.3648
24.5472
25.2304
23.6656
23.1504
23.5456
24.3008
24.5616
24.3904
23.6544
23.7616
23.312
23.2832
24.4704
23.4016
24.1248
24.0384
23.4176
23.2272
22.792
23.1264
22.2272
22.2752
22.9488
22.6608
22.872
23.888
22.9136
21.2688
21.04
22.064
23.128
22.5152
22.3632
23.2528
23.8432
23.8176
24.6864
24.648
24.168
22.864
23.9488
23.4528
24.168
23.76
24.6176
23.3744
23.5984
23.3904
25.52
24.3584
23.3792
24.12
24.2752
24.2832
24.8288
24.9568
26.2656
25.6608
25.5968
25.6784
23.1984
22.8672
23.8592
24.4624
23.5408
23.3744
21.7424
21.8208
21.4832
21.8016
22.7808
24.3056
25.5968
25.1616
23.7376
23.1776
24.8432
24.9808
25.192
25.4224
25.5936
23.4576
23.6272
24.0784
24.8
24.8592
25.0768
23.744
24.36
24.1552
23.704
24.7712
25.1824
25.256
24.8448
24.776
23.6208
23.8608
25.3024
26.1424
25.928
26.7136
26.0656
25.3728
24.928
24.4352
24.4
25.656
25.68
25.0368
25.4928
25.0
25.0384
24.744
25.544
25.936
24.3216
24.0144
24.408
24.0352
24.7632
23.2928
23.7952
23.6224
22.032
22.1056
22.784
22.1328
23.0128
23.1632
22.7872
23.1856
23.1472
24.0
24.6544
24.9648
25.1872
25.296
25.9504
27.6928
28.52
28.3552
28.376
27.264
27.9376
26.4272
26.9856
27.144
26.5808
27.3808
27.5104
27.7504
27.5616
26.288
27.1872
26.232
26.1296
25.6048
24.6896
