97.7728
95.1088
95.96
92.5104
92.3104
90.0752
89.1392
89.4944
88.1312
88.4224
88.2336
86.9824
88.5152
86.6592
86.36
85.3568
83.408
82.5088
81.72
79.9088
79.9744
78.2912
80.3936
80.92
82.4064
82.1664
82.5728
81.1456
82.3312
78.8384
78.504
77.656
78.5152
77.4256
77.2256
76.9152
77.4016
77.0704
76.3488
77.08
77.1536
77.7856
78.3248
76.3088
75.944
76.2
74.7888
72.3712
72.8176
73.4944
73.4512
70.84
71.1552
71.3424
71.288
71.2544
71.6304
71.192
72.4304
72.1808
72.184
71.608
70.1072
69.4928
70.9856
69.6192
67.9296
67.8944
68.632
66.3904
67.0848
65.0768
63.6208
63.6096
63.6464
64.9856
65.3616
64.3344
64.5216
62.9776
62.9232
61.8208
61.9776
59.8064
60.3456
61.768
63.16
62.9488
64.1232
64.6576
64.5296
63.9728
64.7488
63.2944
62.9808
62.0
60.528
59.368
58.0672
57.7264
56.9856
57.3056
57.0912
57.064
55.9248
54.9088
55.2576
55.488
55.5904
55.6016
57.16
55.768
55.5632
54.1968
55.1088
53.4448
52.9376
53.4736
54.5088
54.656
54.7328
55.7904
56.1744
55.5024
56.4464
56.344
56.2784
55.1216
56.1504
55.928
55.56
56.1952
56.5136
53.9888
55.9568
55.9184
55.8528
56.1248
55.376
56.2176
54.9152
53.216
52.9008
52.6976
51.5104
50.8048
49.2096
49.4656
51.0848
51.176
51.256
52.4736
52.7616
54.704
54.7872
53.768
52.4048
52.5312
51.8704
50.3792
49.5792
49.2608
49.5568
48.9872
49.3392
48.1456
47.7984
47.2928
46.3344
46.3936
45.6416
46.1552
45.9664
45.5376
46.4176
46.088
46.1024
47.2032
47.7392
47.1696
45.7856
46.5088
47.7072
46.4096
46.0288
44.8656
43.6064
42.4368
42.1456
42.016
41.656
40.9024
38.9264
39.1344
39.2752
40.216
40.2256
39.4864
41.2
41.48
40.9648
42.1984
41.7488
41.688
41.4848
41.408
41.76
40.7712
40.6848
41.0816
39.9056
40.224
40.1328
40.1184
38.4992
37.52
36.3136
36.2112
36.9888
36.4368
34.7552
35.3008
36.0784
35.6672
36.232
37.3536
37.4272
37.392
37.7936
37.9696
37.1056
37.7936
37.768
38.8512
38.2496
38.3232
38.5792
37.2288
36.9424
36.064
35.6784
36.5936
36.4976
36.7776
36.0112
36.3888
35.9984
35.304
36.3376
36.5312
34.024
33.9104
34.2448
34.504
32.9744
32.2416
31.3936
30.8736
31.3648
31.6208
31.5152
32.3568
32.7248
33.6688
33.336
33.784
33.6112
34.2544
34.4016
34.0912
33.6688
33.1312
32.4336
31.9872
30.2976
29.7664
30.4624
29.4224
29.7648
30.1008
30.5168
29.3152
29.0832
29.2688
29.168
28.7424
28.4496
29.056
29.2736
28.28
28.2976
28.4624
28.4752
30.0704
31.3248
30.28
29.8976
30.4304
30.92
30.6832
30.608
30.2384
30.0128
29.944
28.8816
28.9504
27.3696
26.6
26.3376
26.2432
24.8608
25.2432
26.088
27.7776
26.0272
26.4176
25.6032
25.7376
26.1824
26.5456
26.2544
25.296
25.296
24.016
25.056
24.1632
24.6656
25.0736
25.0256
24.8688
24.936
25.1184
25.256
24.9376
24.8448
24.9824
24.504
25.0016
24.688
24.592
23.7312
24.5568
24.1744
23.936
23.728
23.6592
23.5216
23.0944
23.4016
23.5056
22.8336
22.944
23.6784
23.208
23.2992
23.8256
21.9472
21.3232
20.4896
21.0496
20.4608
20.5056
21.0128
21.0064
20.888
20.9776
20.392
22.1776
21.0592
21.2352
20.9072
20.0752
19.9664
20.0528
19.088
19.056
19.8432
20.3216
19.5776
19.0688
19.9312
20.376
21.3824
20.96
20.6896
20.2672
19.856
20.2112
20.5168
20.3568
19.9824
20.9648
20.9632
21.5056
20.8592
20.6784
19.5248
19.488
19.08
19.7792
19.4
19.6048
20.3984
20.9456
20.6256
20.6064
20.4576
20.1408
20.2656
20.4816
20.2432
20.2
20.496
19.144
18.536
18.6848
18.4096
19.312
19.6032
20.4528
20.0256
20.2224
19.256
19.1584
18.5216
18.8768
19.2736
19.5968
19.3168
20.2624
19.376
18.9232
17.9648
18.4
18.8272
19.1792
19.6288
19.6192
20.2976
19.6736
19.6368
18.52
18.2288
18.6688
18.4144
17.9728
17.1072
17.2496
17.4064
15.6016
15.2096
14.96
14.8144
15.6
15.5904
16.1712
15.4608
15.072
15.4464
15.3904
14.9744
15.4608
13.7056
13.4608
12.9744
13.3392
13.1264
13.0192
13.208
13.1872
13.2672
13.1776
13.2064
12.6352
12.4144
12.2576
12.1104
11.5424
12.1808
12.9552
12.3792
13.2384
13.2416
14.2048
14.392
14.5488
14.2496
13.872
13.6336
13.6752
13.5056
13.0704
13.928
14.7808
15.5904
15.3088
15.4496
14.9824
15.4096
14.8416
13.9152
13.4864
13.9488
13.872
13.872
14.6512
14.8368
14.952
14.8544
15.1408
14.5392
14.1248
13.1264
13.56
13.3232
13.1392
12.896
12.888
13.0688
13.1088
13.5664
13.2096
13.0176
13.5504
13.8208
13.8464
13.9008
13.5344
13.5712
14.1632
13.7408
14.056
14.128
13.7424
13.1392
12.8384
12.9216
12.7424
12.6496
12.6768
13.0144
13.4848
13.1392
13.1296
13.488
12.6736
11.7536
11.888
11.7568
11.6096
11.8512
11.6848
11.8096
11.616
11.5568
11.6608
11.2512
11.664
11.4864
11.8624
12.5264
12.3584
12.5632
12.7792
12.576
12.176
12.256
12.288
11.7616
11.2736
11.7424
11.232
10.9184
11.1584
11.4368
10.9328
10.2096
10.648
10.5296
10.2368
10.6144
10.7424
10.72
10.104
10.6448
11.1408
11.5104
11.3584
11.4976
10.8656
10.9952
10.7952
10.512
10.4544
10.544
10.7744
10.936
11.112
11.6416
11.4608
10.9472
10.824
10.0368
9.6128
9.5616
9.6144
9.2848
9.4064
9.1552
9.1408
8.8608
8.7312
8.5408
8.8704
9.008
9.4864
9.6848
10.0128
10.616
10.4464
10.7792
9.9056
10.0784
9.6336
9.3376
9.3888
9.4032
9.0048
9.1232
9.128
9.32
9.32
9.1072
8.7616
8.9696
9.4
9.056
9.3328
10.0672
10.5072
10.1456
10.7984
10.3344
10.0352
10.1584
9.88
10.0096
10.064
10.1712
10.5152
10.7184
10.6448
10.7664
10.5328
10.1936
10.0784
10.1168
10.0064
10.1696
9.6368
10.2384
10.128
10.0048
10.3424
9.5904
9.5248
9.896
9.8464
10.08
10.1728
10.3568
10.3376
10.2992
10.904
10.9264
10.2608
10.7248
10.6208
10.584
10.4944
10.5632
10.7952
11.0512
10.4784
11.344
11.1856
11.5984
11.4576
10.912
11.112
11.0976
11.0096
10.9088
10.7728
10.7024
10.9968
11.1104
11.08
10.6752
10.9664
11.0
11.0432
10.5072
10.8384
10.96
11.5008
11.1744
10.688
10.8032
10.824
10.904
11.2704
11.1312
10.6224
10.5872
9.6272
9.6032
9.664
9.1536
9.08
9.2992
9.792
10.1424
10.4544
10.68
10.4016
9.5696
9.56
9.384
9.6816
8.6192
8.9744
8.9584
9.136
9.2864
9.6864
9.1904
8.9264
9.0976
9.36
9.8672
9.872
9.904
9.8768
9.7904
9.4048
10.008
9.4352
9.3568
9.24
9.6224
10.0384
9.4048
9.6192
8.9744
9.2112
9.1536
8.9168
8.2144
8.1328
7.96
7.888
8.0752
8.6864
9.0976
9.3584
8.6512
8.9552
8.744
8.6272
8.888
8.8176
8.9792
9.1264
8.9696
9.0368
8.7312
8.6256
7.7376
7.5552
7.8496
7.8816
8.1168
7.88
8.3376
8.5632
8.6
8.1104
8.2384
8.1488
8.408
8.112
8.4656
8.5984
8.696
9.0944
9.2704
9.4688
9.7824
9.9408
9.5808
9.48
9.4032
9.3184
8.6928
8.3488
7.8528
8.1696
8.208
8.3792
8.7872
9.2144
9.3392
9.4272
9.5552
9.5728
9.392
9.336
8.8432
8.6208
8.8288
9.0112
8.8112
8.8496
9.0416
9.1504
9.3664
9.5504
9.9712
9.48
9.672
9.8544
9.6544
9.256
9.5472
9.656
8.8976
8.6752
8.0352
8.3296
8.2688
8.0656
8.2448
8.2448
8.0688
8.0736
8.1456
8.2944
8.6672
8.6224
8.272
7.8272
7.3696
7.1584
7.6128
7.9008
7.4432
8.0448
8.3264
8.2256
8.6176
8.9984
8.7632
8.7024
8.4448
8.3264
8.4608
8.1776
7.5568
7.712
7.48
7.4464
7.888
8.008
8.5824
8.9648
9.3136
8.96
9.224
7.624
7.6832
7.832
8.4528
8.2832
8.6768
8.8672
9.184
8.944
9.3744
9.5648
9.4096
9.2848
9.168
8.6432
8.2336
7.8896
7.7168
7.2272
7.3296
7.5648
7.4784
7.8016
7.8832
7.9856
8.152
7.6352
7.8112
8.0608
8.4
8.6304
8.936
9.072
8.5504
8.1136
8.3232
8.4912
8.1968
7.5344
7.4496
7.4352
7.464
6.9872
7.1232
6.9616
7.0144
6.6656
6.9584
6.4992
6.6384
6.2864
6.0128
5.7264
5.7264
5.7056
5.8432
5.9936
5.9184
6.1888
6.4368
6.1936
6.144
6.264
6.496
6.1392
6.5088
6.3472
6.6304
6.6176
6.6544
6.376
6.816
6.264
6.368
6.6
6.4256
6.1296
6.256
6.0656
5.8752
5.7184
6.2752
6.3456
5.9296
6.0816
6.0848
6.3152
6.7568
6.8592
6.9648
7.2688
7.656
7.9536
7.8176
7.8192
8.0736
7.8992
8.0416
7.7856
8.0336
7.7904
8.1808
7.3712
7.2032
6.5248
6.4016
6.2016
5.5216
5.7072
6.1536
5.7152
5.8912
6.0208
6.3584
6.5584
6.68
6.544
6.2048
6.6944
6.7696
6.76
